Calibration values from cell 0 to 1024 for channel 0:

7	-21	45	-17	58	6	61	-47	cell = 0 to 7
44	11	42	-15	55	20	61	-8	cell = 8 to 15
82	-7	84	5	44	7	52	-16	cell = 16 to 23
39	12	32	-12	20	-12	40	-55	cell = 24 to 31
63	-8	13	-3	85	-35	75	-4	cell = 32 to 39
47	15	58	30	31	9	31	15	cell = 40 to 47
18	8	81	-12	24	3	10	-45	cell = 48 to 55
34	16	27	-12	32	-33	58	2	cell = 56 to 63
30	-6	76	-21	45	10	45	-30	cell = 64 to 71
33	2	26	-40	34	-8	42	-1	cell = 72 to 79
18	8	60	-20	21	-56	88	5	cell = 80 to 87
66	17	9	-3	54	-21	102	6	cell = 88 to 95
70	-7	33	6	52	-6	-16	-1	cell = 96 to 103
42	-29	47	18	19	-23	64	25	cell = 104 to 111
58	5	59	-10	27	24	26	-7	cell = 112 to 119
22	1	51	9	54	-8	15	2	cell = 120 to 127
4	-3	14	-30	74	13	57	1	cell = 128 to 135
88	4	62	-15	30	-6	68	52	cell = 136 to 143
23	10	49	10	38	-26	27	16	cell = 144 to 151
39	-18	19	1	64	1	47	-15	cell = 152 to 159
26	-9	16	-3	37	39	45	-12	cell = 160 to 167
43	-15	0	-19	21	0	26	-22	cell = 168 to 175
49	7	13	14	36	-4	-7	15	cell = 176 to 183
40	1	40	-6	31	-11	54	11	cell = 184 to 191
66	-20	50	-25	63	-36	53	-25	cell = 192 to 199
11	7	49	28	28	-9	44	-9	cell = 200 to 207
46	9	78	-62	59	6	88	-31	cell = 208 to 215
54	-2	21	5	61	38	62	0	cell = 216 to 223
49	20	56	-8	38	-6	53	0	cell = 224 to 231
10	-2	42	-9	39	-5	57	-11	cell = 232 to 239
58	-30	76	-37	53	23	32	-13	cell = 240 to 247
37	-25	48	7	52	-18	47	-2	cell = 248 to 255
52	-23	-3	-11	44	-18	71	-34	cell = 256 to 263
44	-32	60	21	66	-28	43	-16	cell = 264 to 271
40	14	33	-63	101	-19	2	-5	cell = 272 to 279
49	11	41	-4	31	17	19	16	cell = 280 to 287
46	-34	30	-35	67	-11	22	1	cell = 288 to 295
73	15	47	22	68	10	41	7	cell = 296 to 303
52	38	28	4	61	-6	1	-15	cell = 304 to 311
63	18	28	-27	7	-28	46	-25	cell = 312 to 319
82	-18	1	4	48	26	5	8	cell = 320 to 327
27	8	50	16	24	-11	61	4	cell = 328 to 335
45	34	35	-29	57	-27	21	16	cell = 336 to 343
63	27	61	31	52	-35	70	-27	cell = 344 to 351
49	-8	54	5	35	6	56	-19	cell = 352 to 359
75	-20	76	-18	31	-32	19	-2	cell = 360 to 367
98	10	61	-20	51	7	5	6	cell = 368 to 375
18	2	54	16	39	-5	26	-16	cell = 376 to 383
15	6	43	5	45	9	34	-39	cell = 384 to 391
53	-3	7	0	55	35	13	20	cell = 392 to 399
41	9	-3	-20	56	14	67	35	cell = 400 to 407
88	-3	52	27	-2	8	16	-33	cell = 408 to 415
41	16	56	0	47	-17	40	-31	cell = 416 to 423
29	7	46	18	58	-9	52	10	cell = 424 to 431
21	4	51	-35	50	23	30	0	cell = 432 to 439
54	7	53	-25	67	16	66	32	cell = 440 to 447
21	8	51	-45	60	-16	36	-32	cell = 448 to 455
15	-24	37	-31	59	27	52	9	cell = 456 to 463
53	-6	16	19	49	1	44	9	cell = 464 to 471
39	-6	31	-11	54	-13	31	26	cell = 472 to 479
41	-12	57	26	48	4	29	-4	cell = 480 to 487
61	5	8	-41	41	-22	46	-28	cell = 488 to 495
63	-29	-49	-57	-43	-86	-41	-46	cell = 496 to 503
66	19	50	25	26	-28	19	-10	cell = 504 to 511
-53	8	-11	-42	-45	-21	-14	-27	cell = 512 to 519
-29	-14	-48	-10	5	-7	-22	-21	cell = 520 to 527
-17	-23	-16	-27	0	-40	-34	-21	cell = 528 to 535
-22	-6	-24	-25	-15	-2	-2	-4	cell = 536 to 543
-34	-24	-46	-26	28	-13	-23	4	cell = 544 to 551
-7	-36	-19	-33	-33	-40	-3	-32	cell = 552 to 559
12	1	-39	-26	-12	-20	-21	-12	cell = 560 to 567
-21	-65	-16	-29	33	-43	-39	-11	cell = 568 to 575
-15	-41	26	-22	-35	-35	-4	-31	cell = 576 to 583
-54	9	-18	-55	-37	5	3	-4	cell = 584 to 591
-18	-35	-30	-52	31	-12	-10	12	cell = 592 to 599
-4	-3	-36	-23	-13	-54	12	-54	cell = 600 to 607
-36	-38	-11	4	-15	-14	-29	-39	cell = 608 to 615
-26	-37	-24	6	-16	-34	-37	8	cell = 616 to 623
4	-9	-6	9	-31	-31	-25	-29	cell = 624 to 631
4	-24	28	-46	0	-17	2	-37	cell = 632 to 639
-55	-3	-1	-10	-17	-51	0	-10	cell = 640 to 647
-17	-31	-19	-23	-20	-54	-25	0	cell = 648 to 655
-27	-12	-53	-21	-19	-42	-7	-25	cell = 656 to 663
10	-23	-33	-12	5	-29	-64	-10	cell = 664 to 671
-20	-16	-73	-18	5	-20	2	-35	cell = 672 to 679
-39	-34	-14	-27	-36	-28	-45	-35	cell = 680 to 687
-8	30	-24	-17	-16	-82	-6	-9	cell = 688 to 695
-15	-27	-24	-33	-43	-62	-31	-14	cell = 696 to 703
-2	22	-31	-25	-19	-11	-13	-27	cell = 704 to 711
-4	-17	14	-36	-35	9	-5	-20	cell = 712 to 719
2	10	-35	-39	-14	-27	-10	2	cell = 720 to 727
-30	17	-10	-24	9	-35	-13	0	cell = 728 to 735
-46	-36	-31	-37	-15	-58	-9	-28	cell = 736 to 743
-21	-9	-32	-10	-14	11	-13	-33	cell = 744 to 751
-19	-7	-15	-9	-40	-42	-45	-48	cell = 752 to 759
-22	-49	-36	-36	-25	-32	-24	-13	cell = 760 to 767
-18	-15	-9	-40	-4	-21	-10	-19	cell = 768 to 775
-43	-6	-42	-26	-48	-35	-23	-3	cell = 776 to 783
-71	2	6	1	-30	-24	-8	-41	cell = 784 to 791
-5	-44	-10	-39	-2	-25	-29	-16	cell = 792 to 799
-22	1	-46	-8	-24	3	-9	10	cell = 800 to 807
-15	2	-57	12	-44	1	10	26	cell = 808 to 815
-23	-3	-7	-38	-15	6	-27	-26	cell = 816 to 823
-56	-1	-29	-46	3	2	-29	-23	cell = 824 to 831
-1	-27	-19	-18	-15	-23	-14	-37	cell = 832 to 839
-13	-53	-4	-16	-19	-31	-61	-32	cell = 840 to 847
0	-29	-33	-11	38	-8	-26	5	cell = 848 to 855
-26	14	15	-36	-36	-25	-17	-22	cell = 856 to 863
-45	-30	-15	0	-49	-30	-23	16	cell = 864 to 871
-21	17	5	1	-59	-19	1	-21	cell = 872 to 879
-34	-58	9	-14	-2	42	-30	20	cell = 880 to 887
-14	-26	-18	-6	-8	3	-30	-15	cell = 888 to 895
-8	-18	-2	-38	-11	-46	-6	2	cell = 896 to 903
7	-47	-22	-7	-34	-40	-25	-12	cell = 904 to 911
-32	-46	-18	-14	-7	-20	-25	-32	cell = 912 to 919
-36	-16	-71	11	-26	-13	-54	-21	cell = 920 to 927
-32	-12	-1	-55	-22	-6	-14	14	cell = 928 to 935
-33	4	-23	-24	-3	-17	-44	-21	cell = 936 to 943
-17	-40	-2	-27	-26	-21	-10	-42	cell = 944 to 951
-14	-6	-59	-26	-7	-20	-19	-18	cell = 952 to 959
-19	1	-37	-27	31	10	-12	-1	cell = 960 to 967
-43	-17	-20	-27	-22	-22	-27	-13	cell = 968 to 975
-26	-3	-57	13	-7	-27	-39	-10	cell = 976 to 983
-44	-13	-28	25	14	27	-7	11	cell = 984 to 991
3	-34	18	-4	-10	32	-8	-17	cell = 992 to 999
-33	48	-18	-29	-8	-37	-68	33	cell = 1000 to 1007
-46	-7	-28	-6	-31	-6	-29	2	cell = 1008 to 1015
6	-27	-42	-14	-12	-76	-39	-21	cell = 1016 to 1023
Calibration values from cell 0 to 1024 for channel 1:

15	12	63	-18	60	-13	40	-32	cell = 0 to 7
45	13	79	-16	22	-22	45	-13	cell = 8 to 15
16	-8	46	-7	49	-36	58	11	cell = 16 to 23
21	-16	46	3	36	-36	49	2	cell = 24 to 31
58	-25	37	-32	64	-3	56	-26	cell = 32 to 39
71	-51	68	-33	23	-36	43	-15	cell = 40 to 47
38	1	26	-54	38	-14	62	14	cell = 48 to 55
47	1	58	-14	21	-47	27	1	cell = 56 to 63
66	4	45	8	53	3	23	33	cell = 64 to 71
-11	-11	62	-27	43	-13	59	-8	cell = 72 to 79
55	-10	65	-5	55	2	42	-20	cell = 80 to 87
55	-26	59	-3	43	4	5	4	cell = 88 to 95
43	-2	46	17	54	3	32	-2	cell = 96 to 103
61	16	68	0	30	17	103	-22	cell = 104 to 111
91	-14	35	-5	42	5	49	6	cell = 112 to 119
1	-50	63	19	30	2	78	-40	cell = 120 to 127
83	-20	34	5	63	6	63	-7	cell = 128 to 135
52	-20	70	-41	61	-15	33	7	cell = 136 to 143
34	-32	38	0	38	-1	69	-6	cell = 144 to 151
92	-36	68	-13	33	2	44	3	cell = 152 to 159
40	-12	9	-37	19	22	39	11	cell = 160 to 167
33	-36	94	-4	39	33	78	-1	cell = 168 to 175
51	44	62	3	86	4	39	-2	cell = 176 to 183
49	-33	72	0	6	-25	9	-6	cell = 184 to 191
0	14	33	-16	46	-3	29	8	cell = 192 to 199
46	13	40	22	58	-45	23	2	cell = 200 to 207
39	-27	7	-32	64	-29	22	-3	cell = 208 to 215
40	10	56	-15	44	1	20	-23	cell = 216 to 223
57	24	19	1	36	-22	33	22	cell = 224 to 231
71	20	76	-7	35	2	76	-36	cell = 232 to 239
34	0	24	2	86	-21	22	3	cell = 240 to 247
50	-23	51	-52	20	6	2	3	cell = 248 to 255
60	-23	40	-61	48	2	83	12	cell = 256 to 263
43	-3	71	-21	47	26	49	20	cell = 264 to 271
50	25	74	4	39	1	74	-26	cell = 272 to 279
47	-9	59	6	20	4	63	-20	cell = 280 to 287
21	18	17	8	43	-12	49	-24	cell = 288 to 295
58	12	24	-41	47	-11	34	-37	cell = 296 to 303
48	-3	36	-12	41	-15	14	2	cell = 304 to 311
76	-24	51	-44	55	-1	32	-15	cell = 312 to 319
48	-3	59	-33	38	-6	40	-3	cell = 320 to 327
61	-25	38	16	27	8	58	-17	cell = 328 to 335
37	-18	44	15	16	3	2	-5	cell = 336 to 343
80	-12	13	-31	1	7	71	-15	cell = 344 to 351
48	-17	47	26	3	-1	90	45	cell = 352 to 359
28	46	68	-7	6	-32	39	-11	cell = 360 to 367
14	18	61	1	36	-3	95	-31	cell = 368 to 375
111	-20	13	-17	84	-28	14	-28	cell = 376 to 383
43	-13	38	6	39	25	65	-34	cell = 384 to 391
24	10	15	-2	55	6	56	-13	cell = 392 to 399
19	-7	48	-5	54	-16	60	10	cell = 400 to 407
24	-2	52	-23	92	-28	30	-4	cell = 408 to 415
58	-47	31	4	44	-28	50	-21	cell = 416 to 423
50	7	44	-21	68	5	48	16	cell = 424 to 431
40	1	75	-25	38	12	42	16	cell = 432 to 439
66	14	21	-28	36	-30	48	28	cell = 440 to 447
39	-4	41	-4	50	25	36	1	cell = 448 to 455
19	-23	16	-41	46	-28	89	18	cell = 456 to 463
28	5	39	-1	44	-27	45	-5	cell = 464 to 471
53	16	27	12	65	7	54	-3	cell = 472 to 479
42	-13	51	9	62	-13	34	-7	cell = 480 to 487
53	-38	49	35	56	-21	66	6	cell = 488 to 495
22	-35	-48	-104	-12	-59	-48	-93	cell = 496 to 503
48	25	53	31	26	-12	58	-46	cell = 504 to 511
-23	-62	-21	-16	-46	-19	-41	-43	cell = 512 to 519
-26	-22	-55	-3	-45	10	-73	11	cell = 520 to 527
-40	8	-40	29	-6	-13	-29	-18	cell = 528 to 535
23	-18	18	-9	-12	21	9	-26	cell = 536 to 543
-26	-4	-26	0	-13	-23	-40	9	cell = 544 to 551
-4	22	-23	-27	-16	-50	-10	-7	cell = 552 to 559
-25	-16	-14	-40	-7	-20	-6	-49	cell = 560 to 567
8	-49	-27	-49	0	-26	-38	-8	cell = 568 to 575
-20	-44	-41	-5	-71	-37	-53	-62	cell = 576 to 583
-36	-62	-40	-8	-64	-37	-31	2	cell = 584 to 591
-12	-19	-47	-16	20	-13	-25	-17	cell = 592 to 599
-7	-47	-41	-18	-46	-17	-15	-41	cell = 600 to 607
-57	-67	4	-4	-17	-2	-42	-44	cell = 608 to 615
3	-11	-39	40	2	-4	-76	21	cell = 616 to 623
-53	-14	-29	-1	2	-21	-34	2	cell = 624 to 631
-10	4	-32	-41	-27	-28	-11	-17	cell = 632 to 639
-26	-37	-13	-21	-20	-19	-11	18	cell = 640 to 647
-43	0	-36	-35	-37	-26	-15	19	cell = 648 to 655
-3	-8	-6	-15	-27	9	-22	-29	cell = 656 to 663
-7	-30	-26	-30	-34	-4	13	-3	cell = 664 to 671
-24	-18	-24	-29	-51	-21	-5	-15	cell = 672 to 679
-6	-51	-3	-39	-12	-43	-41	-22	cell = 680 to 687
-17	7	0	5	-40	-30	-30	-37	cell = 688 to 695
-15	-33	4	-8	-29	-11	-4	1	cell = 696 to 703
-27	-57	-25	-18	-28	-14	-53	-25	cell = 704 to 711
-57	-27	-18	11	-11	12	-3	-25	cell = 712 to 719
-30	-24	-72	6	-22	-21	1	-26	cell = 720 to 727
-21	-41	-32	15	-39	-27	1	-8	cell = 728 to 735
-60	-37	-21	-4	-45	-4	-10	12	cell = 736 to 743
13	-8	-8	-5	-26	-19	-39	-31	cell = 744 to 751
-37	-29	-60	31	13	-16	-14	-54	cell = 752 to 759
11	-28	-28	2	-24	2	-50	-44	cell = 760 to 767
-24	-42	-13	-45	-20	-10	-45	-31	cell = 768 to 775
-25	-18	0	-4	13	-16	-31	-5	cell = 776 to 783
-10	-59	18	-27	25	4	-13	-15	cell = 784 to 791
4	-25	5	-55	-58	4	14	25	cell = 792 to 799
-17	-5	9	7	-30	-9	-29	-24	cell = 800 to 807
-29	9	13	-19	-18	-38	16	-21	cell = 808 to 815
-26	-16	-19	-8	10	-12	1	-41	cell = 816 to 823
-39	-21	-20	-54	-24	-15	-14	-4	cell = 824 to 831
-29	2	0	-7	-45	-26	-33	-39	cell = 832 to 839
-3	-11	14	0	-41	-10	-10	-40	cell = 840 to 847
-46	-48	-8	-3	-4	14	3	-41	cell = 848 to 855
-29	3	-21	-19	-38	0	-7	17	cell = 856 to 863
-5	0	-18	-49	-33	-36	-27	11	cell = 864 to 871
-18	-22	-25	-23	25	-25	-7	-27	cell = 872 to 879
-11	-19	-23	-36	-62	-14	-27	-9	cell = 880 to 887
-10	-13	-23	-46	-8	-44	-7	-17	cell = 888 to 895
-60	-20	-12	-23	-16	-2	-8	-44	cell = 896 to 903
-39	-35	6	-11	-29	-8	5	-8	cell = 904 to 911
-38	6	12	-47	-14	-5	-7	-7	cell = 912 to 919
10	-31	22	-5	2	0	-33	-23	cell = 920 to 927
-46	-4	-32	-11	-29	-9	-35	-13	cell = 928 to 935
-12	-9	6	15	-11	2	7	-9	cell = 936 to 943
-18	1	-14	9	-37	-27	-13	16	cell = 944 to 951
-27	-12	-2	7	15	-48	-30	-41	cell = 952 to 959
-48	-19	-44	-22	-47	-20	-12	-7	cell = 960 to 967
-36	9	-22	5	14	-3	-31	-24	cell = 968 to 975
-10	-11	-43	19	-54	2	7	0	cell = 976 to 983
-10	-47	-14	18	-20	0	-18	-42	cell = 984 to 991
-42	27	-50	-7	-26	-9	29	-33	cell = 992 to 999
-25	-17	-20	-13	-52	-11	-32	-13	cell = 1000 to 1007
-18	-32	-31	-95	-23	2	17	-26	cell = 1008 to 1015
29	-34	-2	-18	-34	-28	-28	-35	cell = 1016 to 1023
Calibration values from cell 0 to 1024 for channel 2:

18	0	64	-35	71	-41	45	9	cell = 0 to 7
7	-10	16	15	23	25	56	-7	cell = 8 to 15
22	-26	58	11	25	25	50	-30	cell = 16 to 23
40	-11	38	-16	69	-17	55	-33	cell = 24 to 31
44	5	66	7	30	17	31	7	cell = 32 to 39
51	-43	50	-4	72	-2	58	16	cell = 40 to 47
40	-37	51	21	76	11	72	-15	cell = 48 to 55
37	-9	82	24	1	-13	40	2	cell = 56 to 63
5	-2	28	-4	58	-18	8	19	cell = 64 to 71
64	-15	58	-16	37	-8	47	4	cell = 72 to 79
50	-31	82	-33	41	0	40	0	cell = 80 to 87
64	60	46	-14	44	32	23	-19	cell = 88 to 95
22	6	76	-12	66	-39	58	18	cell = 96 to 103
10	1	59	1	15	24	49	15	cell = 104 to 111
35	6	54	8	48	11	21	-1	cell = 112 to 119
45	4	17	-18	6	-6	66	-4	cell = 120 to 127
-8	-37	43	-20	46	-8	51	19	cell = 128 to 135
-3	-11	38	-13	59	40	43	-20	cell = 136 to 143
59	-13	64	-6	41	-37	36	11	cell = 144 to 151
37	-33	31	-38	56	-26	48	11	cell = 152 to 159
66	-12	36	-21	23	5	17	8	cell = 160 to 167
15	4	53	-1	47	11	35	2	cell = 168 to 175
62	-23	57	-3	21	-51	76	43	cell = 176 to 183
92	0	56	31	37	-13	30	42	cell = 184 to 191
12	23	20	14	47	17	57	-15	cell = 192 to 199
38	-29	51	20	40	-28	58	4	cell = 200 to 207
40	-16	20	7	74	-18	9	9	cell = 208 to 215
53	-21	37	-33	69	-37	42	-4	cell = 216 to 223
61	4	55	6	74	-6	41	-4	cell = 224 to 231
85	-21	22	15	43	-18	57	-37	cell = 232 to 239
15	-36	61	37	36	-12	38	41	cell = 240 to 247
37	14	77	13	28	16	28	-50	cell = 248 to 255
66	17	34	-7	46	-28	55	-18	cell = 256 to 263
62	-15	10	-4	43	-21	35	-5	cell = 264 to 271
50	-6	65	5	44	-17	48	-14	cell = 272 to 279
42	-20	45	23	34	-7	69	24	cell = 280 to 287
64	-38	70	13	96	-19	56	-14	cell = 288 to 295
54	-12	40	-5	53	-6	11	-11	cell = 296 to 303
53	-41	47	1	39	27	25	-18	cell = 304 to 311
59	-20	22	-13	28	-11	24	7	cell = 312 to 319
0	-30	23	-11	54	-8	68	-51	cell = 320 to 327
29	19	45	-10	80	-40	66	-64	cell = 328 to 335
34	-9	32	5	14	17	14	-14	cell = 336 to 343
62	12	50	4	47	9	32	1	cell = 344 to 351
54	-3	58	-30	24	-5	33	-19	cell = 352 to 359
-9	-9	11	22	61	3	31	-29	cell = 360 to 367
76	-22	55	-6	46	-15	47	9	cell = 368 to 375
85	-14	23	10	58	-27	27	-13	cell = 376 to 383
57	-17	66	-53	31	-1	48	-26	cell = 384 to 391
50	-2	30	6	58	0	40	0	cell = 392 to 399
48	-13	44	22	41	-24	61	-8	cell = 400 to 407
36	0	60	19	46	12	53	-18	cell = 408 to 415
41	-5	56	-18	36	-33	55	-17	cell = 416 to 423
41	-12	59	-27	74	16	51	18	cell = 424 to 431
48	-41	13	8	33	-12	39	-9	cell = 432 to 439
80	-33	48	0	28	-30	32	-1	cell = 440 to 447
57	-26	36	15	24	-19	27	-37	cell = 448 to 455
37	-44	33	16	45	-14	24	-7	cell = 456 to 463
60	16	53	-20	60	-34	60	26	cell = 464 to 471
10	-20	1	-2	53	20	31	3	cell = 472 to 479
60	-21	54	-3	17	10	29	-11	cell = 480 to 487
12	-14	42	14	67	-13	54	1	cell = 488 to 495
17	-17	-47	-92	-42	-79	-52	-71	cell = 496 to 503
50	12	38	5	5	7	15	7	cell = 504 to 511
9	-25	-19	-44	-36	-6	-34	-52	cell = 512 to 519
6	-28	12	-26	-23	-29	-14	-33	cell = 520 to 527
-3	-23	-36	-23	1	-27	1	-33	cell = 528 to 535
-28	4	-14	-37	-50	23	-43	-40	cell = 536 to 543
-7	-24	-16	-11	-15	-21	-24	-16	cell = 544 to 551
-5	-22	-31	-29	-14	10	-35	18	cell = 552 to 559
-20	-24	-35	-6	-6	4	-14	0	cell = 560 to 567
-22	-3	-23	-27	-75	-18	-10	-34	cell = 568 to 575
-24	24	2	-58	27	-19	-6	-17	cell = 576 to 583
-14	-16	-7	-36	-29	-38	-21	6	cell = 584 to 591
-6	-39	-46	-45	-60	-41	4	-38	cell = 592 to 599
-28	12	-50	-31	-12	-51	42	5	cell = 600 to 607
4	14	-20	0	-21	-6	-41	-62	cell = 608 to 615
-20	-8	29	-13	-35	-40	-36	2	cell = 616 to 623
-4	-30	-42	-24	0	-9	0	-28	cell = 624 to 631
-37	-40	-30	-17	-15	-18	-55	-30	cell = 632 to 639
-43	-24	-24	-23	6	-29	8	-36	cell = 640 to 647
21	-21	16	-33	-70	-44	-35	-59	cell = 648 to 655
-68	-25	-2	-22	-33	-1	-11	-21	cell = 656 to 663
-24	4	-18	-34	-4	-7	-24	22	cell = 664 to 671
0	-24	-36	-32	-39	-15	19	-11	cell = 672 to 679
1	-4	1	15	-16	8	-24	-25	cell = 680 to 687
-60	-20	9	-44	-37	-15	10	11	cell = 688 to 695
-26	1	10	22	-39	7	-36	-28	cell = 696 to 703
-42	13	-22	-38	2	-16	-40	-34	cell = 704 to 711
-51	-2	-30	-33	-28	-6	0	-14	cell = 712 to 719
-27	-35	-6	2	-3	14	9	-5	cell = 720 to 727
-44	-22	-36	-21	-11	-62	-33	-18	cell = 728 to 735
-10	-8	-33	-2	-20	-51	-33	-46	cell = 736 to 743
-21	-15	-6	-34	6	-1	-23	-52	cell = 744 to 751
-23	-10	-12	-16	8	-2	-8	-29	cell = 752 to 759
5	-39	-21	-44	-29	-8	-28	-16	cell = 760 to 767
-27	-38	-22	-44	-19	-10	-47	16	cell = 768 to 775
-46	-19	-11	-25	-21	-29	-20	18	cell = 776 to 783
-37	4	-12	-16	-12	-2	-32	-24	cell = 784 to 791
-6	-36	-24	-16	-9	-2	11	-7	cell = 792 to 799
-25	-36	-18	-46	-15	-9	-9	-53	cell = 800 to 807
-32	-18	-2	-33	2	-1	-16	-20	cell = 808 to 815
-34	-19	8	-23	-25	-42	-14	-47	cell = 816 to 823
-19	-28	-27	-5	18	-38	-7	-13	cell = 824 to 831
-6	-10	-8	-25	-2	-11	-24	-20	cell = 832 to 839
-2	-6	23	-44	-50	-4	-4	23	cell = 840 to 847
-17	-37	-40	3	7	-3	8	5	cell = 848 to 855
-26	9	-69	-9	13	-45	-12	-18	cell = 856 to 863
-12	-77	-36	-47	-17	3	-43	-12	cell = 864 to 871
11	-29	-55	13	-1	-1	27	14	cell = 872 to 879
-15	-26	-27	-6	7	-12	-1	-20	cell = 880 to 887
18	-16	-21	-62	-18	-39	-7	-35	cell = 888 to 895
-62	-40	15	-57	21	-7	7	-37	cell = 896 to 903
-38	-3	-48	-7	-50	-33	-9	-10	cell = 904 to 911
-20	19	-20	-20	24	16	-29	-6	cell = 912 to 919
-38	-20	-28	-34	7	27	4	-26	cell = 920 to 927
-11	-32	-5	-13	-24	-32	-26	-7	cell = 928 to 935
-3	-5	-14	-7	-31	-42	-32	-22	cell = 936 to 943
-48	-54	-63	-19	-39	-23	9	14	cell = 944 to 951
-27	-17	-65	-21	-13	-34	-36	-8	cell = 952 to 959
-25	-22	-28	-32	-16	-54	-47	-46	cell = 960 to 967
-15	5	-11	-41	-47	-23	9	5	cell = 968 to 975
35	0	51	-31	7	-19	26	-18	cell = 976 to 983
9	-47	-5	44	12	0	-35	-17	cell = 984 to 991
-9	-4	-1	26	-8	6	-41	-18	cell = 992 to 999
-32	7	-10	-54	-31	-29	-29	9	cell = 1000 to 1007
-15	-21	-12	-4	-22	-30	-41	-12	cell = 1008 to 1015
-33	-46	-8	-35	-12	3	-18	-14	cell = 1016 to 1023
Calibration values from cell 0 to 1024 for channel 3:

37	-20	16	-7	22	0	10	-21	cell = 0 to 7
11	-13	55	12	69	17	31	-45	cell = 8 to 15
35	-28	65	-49	13	20	51	-22	cell = 16 to 23
6	10	61	-16	67	2	5	20	cell = 24 to 31
40	-8	38	6	47	15	49	-30	cell = 32 to 39
29	-27	27	0	59	24	-3	-3	cell = 40 to 47
60	11	55	-16	44	30	62	11	cell = 48 to 55
34	-23	41	-25	38	0	7	-7	cell = 56 to 63
56	13	38	-13	60	-8	38	15	cell = 64 to 71
27	-7	57	-31	29	-43	42	-36	cell = 72 to 79
6	-7	41	9	17	-15	99	-39	cell = 80 to 87
73	-20	44	-8	55	9	67	-21	cell = 88 to 95
48	9	22	39	52	-26	48	11	cell = 96 to 103
34	8	32	-6	93	-13	16	-28	cell = 104 to 111
62	-5	59	38	7	-2	28	8	cell = 112 to 119
82	5	61	-21	28	-22	48	3	cell = 120 to 127
46	3	53	-12	25	7	56	-8	cell = 128 to 135
58	-26	34	-2	1	-27	74	-6	cell = 136 to 143
56	-11	55	19	62	-1	35	0	cell = 144 to 151
68	-45	46	26	56	-21	52	5	cell = 152 to 159
56	4	7	-4	6	-36	0	-2	cell = 160 to 167
33	10	47	-3	75	-8	43	11	cell = 168 to 175
73	-3	49	15	29	42	80	3	cell = 176 to 183
64	-20	8	-15	12	-19	53	-12	cell = 184 to 191
64	-10	30	-11	32	-45	38	-16	cell = 192 to 199
40	-11	32	5	61	-46	69	5	cell = 200 to 207
36	-12	38	-3	26	-5	35	38	cell = 208 to 215
44	22	49	0	39	-16	62	5	cell = 216 to 223
75	4	45	-31	9	-17	12	9	cell = 224 to 231
54	11	7	-3	56	-18	64	-1	cell = 232 to 239
92	14	26	1	45	-35	13	5	cell = 240 to 247
29	20	49	-32	12	-10	37	20	cell = 248 to 255
33	20	34	-44	63	-4	31	11	cell = 256 to 263
60	-10	56	11	53	-11	88	33	cell = 264 to 271
36	-1	43	2	17	-3	15	23	cell = 272 to 279
54	0	42	17	71	-45	17	-3	cell = 280 to 287
53	16	16	-10	51	-1	40	-9	cell = 288 to 295
53	-14	28	-15	37	-46	31	-6	cell = 296 to 303
49	-21	59	-12	62	-39	19	-67	cell = 304 to 311
51	6	33	-56	56	-22	35	-17	cell = 312 to 319
29	-49	52	-2	53	21	35	-40	cell = 320 to 327
53	-2	40	-39	65	-10	50	5	cell = 328 to 335
67	13	49	29	53	-11	43	7	cell = 336 to 343
23	-14	48	-7	10	10	46	6	cell = 344 to 351
52	9	40	-71	56	-18	46	-16	cell = 352 to 359
47	10	64	23	48	5	22	-6	cell = 360 to 367
44	-19	18	5	66	11	58	4	cell = 368 to 375
33	-8	47	11	16	-12	31	-20	cell = 376 to 383
18	-2	-8	-24	81	6	38	-52	cell = 384 to 391
15	-9	25	-14	86	9	42	-26	cell = 392 to 399
18	-41	66	-29	48	-51	24	-21	cell = 400 to 407
27	0	74	15	71	-16	43	-12	cell = 408 to 415
54	10	92	12	60	-10	72	-28	cell = 416 to 423
37	6	53	48	12	18	32	-12	cell = 424 to 431
54	-36	-28	5	56	-4	35	1	cell = 432 to 439
65	-26	77	14	-25	2	40	-8	cell = 440 to 447
32	-3	47	-17	43	2	31	0	cell = 448 to 455
5	1	92	30	55	-20	13	-18	cell = 456 to 463
0	-5	46	-28	32	-28	35	-35	cell = 464 to 471
57	7	32	-27	34	6	42	-23	cell = 472 to 479
58	28	24	15	41	42	13	-7	cell = 480 to 487
52	-47	44	28	33	0	42	-28	cell = 488 to 495
47	32	-73	-119	-6	-91	35	-100	cell = 496 to 503
19	-13	36	-16	9	-31	24	-30	cell = 504 to 511
-13	-23	-22	-17	-28	-30	-23	-14	cell = 512 to 519
-33	-29	20	-26	-14	-37	-14	-15	cell = 520 to 527
-51	-13	-31	-43	-3	17	19	-26	cell = 528 to 535
-18	-16	-11	-28	-15	-34	-46	-18	cell = 536 to 543
13	8	20	-38	-6	15	-29	-33	cell = 544 to 551
15	-40	-13	-46	-37	-14	-13	-38	cell = 552 to 559
20	-14	-18	-26	-27	-33	1	-33	cell = 560 to 567
-65	15	-54	-17	-9	-26	0	-33	cell = 568 to 575
-20	-18	14	-42	-14	-50	-47	-43	cell = 576 to 583
-25	-42	19	-36	-26	-9	-38	7	cell = 584 to 591
11	-11	7	-15	10	9	-37	-20	cell = 592 to 599
15	1	-55	-8	-2	-16	-13	-13	cell = 600 to 607
2	13	-9	-8	-7	-9	-45	-2	cell = 608 to 615
6	3	-64	-5	-2	0	1	4	cell = 616 to 623
27	-48	-32	17	-25	-15	-12	-33	cell = 624 to 631
-20	-12	-20	-47	-4	-15	-42	-7	cell = 632 to 639
-8	-27	23	-40	-41	-7	-15	-20	cell = 640 to 647
-18	-6	19	3	15	-2	-38	-23	cell = 648 to 655
17	2	23	13	-10	-30	5	7	cell = 656 to 663
-15	-7	3	0	2	-25	-7	-18	cell = 664 to 671
-17	-20	-70	-6	-19	15	25	-31	cell = 672 to 679
8	-20	-47	-31	4	-50	2	-32	cell = 680 to 687
-23	63	-25	-28	-29	-21	2	-29	cell = 688 to 695
6	-14	-27	-35	-19	-39	21	-37	cell = 696 to 703
-24	-28	-54	-39	-17	-31	-34	4	cell = 704 to 711
-2	-46	-44	21	-18	-26	-41	-29	cell = 712 to 719
-21	-11	-39	-4	-4	-8	-18	-9	cell = 720 to 727
-12	-14	1	0	-36	-25	-1	-31	cell = 728 to 735
-40	9	-14	-52	4	-7	-19	6	cell = 736 to 743
-5	-40	-31	-10	-20	-53	-4	-16	cell = 744 to 751
-26	6	-44	0	-16	-17	-18	-20	cell = 752 to 759
-20	5	36	-29	-43	-7	7	-19	cell = 760 to 767
34	-26	-5	-41	-40	-24	-13	-33	cell = 768 to 775
32	-17	-18	-8	-50	-5	-70	-12	cell = 776 to 783
-37	27	-2	20	0	-21	-3	-47	cell = 784 to 791
-25	34	-12	-7	-19	-37	-32	11	cell = 792 to 799
-50	-18	-16	-7	10	-15	-25	-42	cell = 800 to 807
-18	-32	-5	-14	-16	-27	-22	7	cell = 808 to 815
-35	-8	-31	-4	-31	-4	-27	-23	cell = 816 to 823
-20	-24	-27	-33	-18	-3	-5	-22	cell = 824 to 831
-26	-34	-38	-59	5	-23	-41	7	cell = 832 to 839
-53	-45	-16	-38	-12	-51	-32	-35	cell = 840 to 847
-32	-31	8	-12	-24	-30	7	16	cell = 848 to 855
-27	-27	-36	-12	-54	-8	-43	-18	cell = 856 to 863
-12	0	-3	0	-6	-13	1	6	cell = 864 to 871
-23	-7	-38	-27	-39	-4	-13	-27	cell = 872 to 879
-42	-25	3	-4	-14	-13	-17	2	cell = 880 to 887
-13	-8	-30	-23	-61	28	-9	-3	cell = 888 to 895
-48	-30	-14	-31	-16	1	-30	-16	cell = 896 to 903
-13	-57	-52	-32	-10	8	-10	-11	cell = 904 to 911
-28	-19	-2	-19	-17	-8	24	-16	cell = 912 to 919
-30	-47	6	15	-36	-28	7	-27	cell = 920 to 927
-34	-20	15	-6	9	-54	-47	-37	cell = 928 to 935
-4	10	27	-39	-9	-18	-35	-4	cell = 936 to 943
-9	-14	-32	-39	-37	-52	-37	-4	cell = 944 to 951
-15	2	-35	-14	-31	-10	4	12	cell = 952 to 959
-5	-57	-25	-24	-35	-43	-17	-32	cell = 960 to 967
-24	-32	-22	5	14	-22	-9	-9	cell = 968 to 975
-1	-6	6	-24	21	-48	-43	-12	cell = 976 to 983
-42	-7	13	6	21	-31	5	-26	cell = 984 to 991
-5	-39	-15	-29	-26	-45	-14	-2	cell = 992 to 999
-3	-30	-6	-14	-6	-24	-32	-6	cell = 1000 to 1007
-38	-33	-15	-23	-19	-22	1	-4	cell = 1008 to 1015
-49	22	-44	-32	-35	-40	-29	-29	cell = 1016 to 1023
Calibration values from cell 0 to 1024 for channel 4:

22	-3	14	-21	19	-7	45	-23	cell = 0 to 7
49	-32	70	24	37	-52	74	-14	cell = 8 to 15
22	14	59	-49	62	-6	43	-9	cell = 16 to 23
37	-22	22	-6	56	19	46	-48	cell = 24 to 31
80	0	66	-13	13	-24	32	1	cell = 32 to 39
52	-9	38	-13	28	-42	19	-19	cell = 40 to 47
42	-10	45	0	44	-33	36	7	cell = 48 to 55
33	-30	58	-50	88	-5	43	24	cell = 56 to 63
44	1	14	10	43	-42	18	-21	cell = 64 to 71
51	-30	69	-5	84	-9	19	-1	cell = 72 to 79
42	-37	63	-5	8	-16	22	-33	cell = 80 to 87
87	-21	7	14	56	9	85	-21	cell = 88 to 95
14	-15	92	25	37	19	65	24	cell = 96 to 103
67	47	61	14	38	-54	72	1	cell = 104 to 111
70	11	69	9	42	26	47	7	cell = 112 to 119
22	-28	69	30	46	-31	19	0	cell = 120 to 127
65	-23	66	5	46	20	53	6	cell = 128 to 135
37	-19	17	-30	32	-56	52	34	cell = 136 to 143
57	-47	13	-41	55	-19	18	-28	cell = 144 to 151
49	-4	77	-4	29	1	32	-37	cell = 152 to 159
48	-19	27	-39	-2	20	34	13	cell = 160 to 167
57	21	56	25	61	-22	72	-13	cell = 168 to 175
63	-42	4	5	69	17	34	-3	cell = 176 to 183
80	-46	24	3	45	-16	50	20	cell = 184 to 191
55	-14	48	-14	17	-16	37	-3	cell = 192 to 199
5	-6	37	-13	2	24	38	-3	cell = 200 to 207
56	3	48	0	40	-43	44	-14	cell = 208 to 215
40	-35	36	-3	55	0	63	1	cell = 216 to 223
48	17	38	-4	36	-20	41	-32	cell = 224 to 231
49	25	22	-16	44	-43	25	-28	cell = 232 to 239
25	5	6	10	87	-14	62	28	cell = 240 to 247
53	47	113	25	53	5	33	-23	cell = 248 to 255
15	-20	36	-3	68	-25	44	-43	cell = 256 to 263
82	-27	33	4	35	-13	37	-29	cell = 264 to 271
23	-28	-1	20	52	11	44	0	cell = 272 to 279
-2	-34	46	-15	41	-46	49	13	cell = 280 to 287
54	-17	61	-1	59	13	101	-1	cell = 288 to 295
33	-19	54	10	54	-19	27	36	cell = 296 to 303
18	18	22	-12	67	6	39	-1	cell = 304 to 311
6	5	41	26	16	17	95	-29	cell = 312 to 319
42	-24	53	-20	61	-28	59	-34	cell = 320 to 327
53	-13	33	-33	39	-5	57	-5	cell = 328 to 335
25	-25	0	-53	45	-4	0	-36	cell = 336 to 343
33	-35	48	-30	65	-7	40	16	cell = 344 to 351
58	-5	48	24	56	-16	49	-20	cell = 352 to 359
66	-18	46	3	78	-4	61	-16	cell = 360 to 367
52	3	41	7	38	-9	-1	-13	cell = 368 to 375
43	0	68	9	63	4	17	-19	cell = 376 to 383
34	34	59	-20	12	11	58	-21	cell = 384 to 391
26	3	72	-35	44	-17	75	-10	cell = 392 to 399
53	2	50	-15	39	-3	35	-4	cell = 400 to 407
46	8	67	6	94	6	10	-30	cell = 408 to 415
53	-11	53	-58	26	9	39	4	cell = 416 to 423
52	-46	85	-22	72	37	64	12	cell = 424 to 431
69	-8	47	-25	63	-11	40	6	cell = 432 to 439
65	-3	-1	-18	21	35	36	-15	cell = 440 to 447
48	-6	37	-24	25	3	56	2	cell = 448 to 455
66	-36	7	0	20	34	52	-1	cell = 456 to 463
59	-27	70	15	29	-17	29	1	cell = 464 to 471
21	-46	28	-33	47	-3	7	7	cell = 472 to 479
54	0	31	-54	33	-1	49	-42	cell = 480 to 487
45	-3	33	1	63	-22	33	-12	cell = 488 to 495
70	6	-23	-75	-34	-109	-3	-66	cell = 496 to 503
79	-16	26	-15	42	-34	61	-8	cell = 504 to 511
-32	-9	-5	-23	-49	-17	-25	-45	cell = 512 to 519
-19	-68	-3	-19	-29	-28	-50	-53	cell = 520 to 527
11	-20	-62	-24	-19	-25	-28	-21	cell = 528 to 535
-7	5	-27	-27	-14	7	0	-26	cell = 536 to 543
-27	-30	32	-40	0	-35	-50	-21	cell = 544 to 551
-31	-29	7	-10	-29	-28	-33	22	cell = 552 to 559
19	-12	-15	-40	-29	-56	-10	-23	cell = 560 to 567
-2	-22	-22	-27	-20	-24	-24	-4	cell = 568 to 575
-30	-49	-39	-19	-35	-53	3	-10	cell = 576 to 583
-35	-15	-37	12	-28	-17	-7	-46	cell = 584 to 591
-40	-27	19	-31	-12	-4	-7	0	cell = 592 to 599
24	-41	-45	-36	15	-22	-37	-19	cell = 600 to 607
0	-24	-9	0	-23	-48	3	-48	cell = 608 to 615
-13	15	-14	-4	-2	-28	24	-8	cell = 616 to 623
-9	-51	-29	-9	-21	-17	-23	-3	cell = 624 to 631
-27	6	10	18	8	-47	-23	2	cell = 632 to 639
-36	31	-27	7	-5	-7	-48	-23	cell = 640 to 647
-34	-18	-15	-30	-2	3	4	-38	cell = 648 to 655
-12	-27	-31	-32	-55	-29	-17	-36	cell = 656 to 663
-17	-7	4	-24	-5	-28	-33	-30	cell = 664 to 671
-3	1	5	0	-12	-49	-52	-45	cell = 672 to 679
4	-31	22	17	-32	-17	-24	10	cell = 680 to 687
-18	-53	-17	-22	-12	-1	-23	-44	cell = 688 to 695
14	-11	-42	-17	-40	-28	-35	-33	cell = 696 to 703
-41	-14	-19	-13	-14	-27	-13	4	cell = 704 to 711
-76	-3	-45	-30	2	-52	34	-46	cell = 712 to 719
14	2	-7	12	-24	0	-37	-13	cell = 720 to 727
-31	-25	-29	-17	14	-48	-9	-36	cell = 728 to 735
-49	-19	-17	-25	-11	-4	-50	-30	cell = 736 to 743
3	-2	-23	-26	2	-21	-24	-41	cell = 744 to 751
5	-22	7	5	26	-32	-19	-47	cell = 752 to 759
-2	-16	-23	-41	4	-29	-10	-16	cell = 760 to 767
-44	-23	-21	15	-9	-30	-4	-1	cell = 768 to 775
32	-17	-13	-45	-23	0	-37	29	cell = 776 to 783
-19	-33	0	-23	-52	-37	-33	28	cell = 784 to 791
-48	24	-33	-18	2	-37	-8	-21	cell = 792 to 799
-32	-4	-4	-34	-29	-22	35	-15	cell = 800 to 807
9	24	-20	-14	-19	-16	-35	-25	cell = 808 to 815
-33	-5	-14	9	-12	-6	8	29	cell = 816 to 823
-4	-12	-37	-32	-46	2	-4	-16	cell = 824 to 831
-21	-21	-24	-11	-21	-18	-39	-72	cell = 832 to 839
-26	9	-46	-44	-15	-8	-30	-18	cell = 840 to 847
-39	-3	-21	-63	13	0	6	-73	cell = 848 to 855
-9	13	-33	-4	6	28	-16	-63	cell = 856 to 863
-9	-47	-8	-32	0	-17	11	-7	cell = 864 to 871
-63	-29	-26	-6	10	-29	-13	-11	cell = 872 to 879
-11	-35	13	-2	2	-2	-10	-31	cell = 880 to 887
-30	-32	2	-24	-56	-31	-39	-54	cell = 888 to 895
3	-13	14	13	14	3	-12	0	cell = 896 to 903
-33	1	2	-35	-27	1	-26	-33	cell = 904 to 911
-57	11	30	-35	-4	1	-10	-16	cell = 912 to 919
3	-33	-14	3	-21	0	18	-29	cell = 920 to 927
-8	24	-20	-37	-12	-34	-6	-38	cell = 928 to 935
-55	-1	-6	13	-39	0	-11	9	cell = 936 to 943
-24	-5	-6	-19	-6	-42	-34	-39	cell = 944 to 951
-17	-9	-7	-1	-15	-63	16	-34	cell = 952 to 959
2	-48	-5	-34	6	-1	-71	-5	cell = 960 to 967
-66	-15	-8	-23	-25	-12	-9	-21	cell = 968 to 975
0	-23	28	-47	-7	-27	-30	-31	cell = 976 to 983
-43	-11	29	-43	14	3	1	-32	cell = 984 to 991
-53	-13	-44	6	-40	1	4	-5	cell = 992 to 999
13	-16	-70	-13	-17	0	8	-27	cell = 1000 to 1007
-28	-13	-22	-27	-33	-31	-10	6	cell = 1008 to 1015
-25	-17	-21	-22	-49	-35	-31	-7	cell = 1016 to 1023
Calibration values from cell 0 to 1024 for channel 5:

32	5	26	-19	68	-25	0	-28	cell = 0 to 7
33	10	49	-30	58	11	62	7	cell = 8 to 15
41	-25	79	7	32	-20	44	1	cell = 16 to 23
46	-6	61	-30	3	0	22	-20	cell = 24 to 31
2	-4	57	-6	52	-14	50	0	cell = 32 to 39
57	-26	49	-46	71	-6	66	-39	cell = 40 to 47
45	-25	34	-24	13	4	61	-49	cell = 48 to 55
35	-22	81	-38	53	0	76	7	cell = 56 to 63
82	-2	70	1	34	14	48	15	cell = 64 to 71
45	9	36	9	64	-26	43	-17	cell = 72 to 79
67	-48	13	-6	45	-5	30	-20	cell = 80 to 87
60	-4	36	-8	74	-6	43	1	cell = 88 to 95
78	-11	75	37	42	9	45	-22	cell = 96 to 103
35	-16	53	22	43	13	51	0	cell = 104 to 111
34	-24	82	-16	79	25	14	35	cell = 112 to 119
51	25	21	11	22	-25	55	1	cell = 120 to 127
40	15	38	-28	68	27	24	-23	cell = 128 to 135
39	-18	57	27	56	0	47	-24	cell = 136 to 143
54	-10	49	-22	50	-38	39	14	cell = 144 to 151
48	-9	25	-13	55	-17	56	-20	cell = 152 to 159
63	4	78	-17	33	-18	36	-25	cell = 160 to 167
43	-30	54	-4	36	13	69	-13	cell = 168 to 175
55	-34	69	-25	49	-70	55	-7	cell = 176 to 183
49	-26	43	-48	64	-32	43	20	cell = 184 to 191
63	10	51	4	23	17	13	-6	cell = 192 to 199
-2	-11	23	11	54	-9	37	0	cell = 200 to 207
90	13	46	-48	30	-24	41	12	cell = 208 to 215
27	-26	71	-5	37	24	63	-2	cell = 216 to 223
46	-25	36	-3	-1	-23	37	-4	cell = 224 to 231
61	15	60	14	29	-10	57	18	cell = 232 to 239
93	-31	34	-23	37	22	42	-40	cell = 240 to 247
63	6	55	-16	63	-30	9	-22	cell = 248 to 255
44	-32	39	-54	43	-52	74	-6	cell = 256 to 263
4	-6	32	3	25	-3	37	-19	cell = 264 to 271
35	15	28	-4	27	9	60	43	cell = 272 to 279
20	-28	54	3	28	-18	24	-21	cell = 280 to 287
57	20	37	45	51	4	24	3	cell = 288 to 295
91	16	72	2	39	-10	22	-15	cell = 296 to 303
85	6	31	18	58	-4	46	0	cell = 304 to 311
18	-38	55	19	31	-28	69	-33	cell = 312 to 319
46	-7	43	-3	57	8	49	-22	cell = 320 to 327
50	26	72	-15	17	-30	101	-30	cell = 328 to 335
43	-14	69	-10	41	-11	34	13	cell = 336 to 343
59	-7	25	-15	46	-12	56	-17	cell = 344 to 351
25	-21	39	-51	56	-6	5	-35	cell = 352 to 359
30	-9	10	-13	46	-19	16	-30	cell = 360 to 367
36	-17	45	-5	36	13	44	5	cell = 368 to 375
53	-21	63	-8	33	-9	20	-22	cell = 376 to 383
44	-5	82	-4	19	-30	82	19	cell = 384 to 391
65	-2	63	37	71	-40	77	-15	cell = 392 to 399
44	-42	49	24	3	-10	64	-22	cell = 400 to 407
31	-54	17	29	46	10	77	-11	cell = 408 to 415
42	8	54	-37	86	-2	22	30	cell = 416 to 423
78	31	35	10	57	-45	38	12	cell = 424 to 431
21	24	58	-22	75	-31	31	-29	cell = 432 to 439
76	-28	39	-12	46	1	21	14	cell = 440 to 447
63	5	90	-9	52	-8	68	-12	cell = 448 to 455
68	41	51	-3	43	5	40	34	cell = 456 to 463
43	-30	26	-27	32	-11	36	-1	cell = 464 to 471
44	-32	60	7	37	-3	67	-21	cell = 472 to 479
63	13	61	-45	56	-16	56	-9	cell = 480 to 487
26	-1	59	-20	29	-27	3	-43	cell = 488 to 495
33	-22	-32	-74	-25	-80	-47	-93	cell = 496 to 503
62	-42	32	-37	15	-20	56	-42	cell = 504 to 511
-61	-24	-11	-67	-36	-42	-52	-24	cell = 512 to 519
-21	-22	-30	-3	-14	-8	-48	0	cell = 520 to 527
-31	-44	0	-15	-38	-26	-17	-24	cell = 528 to 535
-60	-45	-31	-6	-39	-16	-26	-18	cell = 536 to 543
-30	-29	-12	-49	-39	-7	-23	-42	cell = 544 to 551
-37	-24	-54	-23	-53	-24	-75	3	cell = 552 to 559
-27	0	15	-61	-37	-14	-5	-40	cell = 560 to 567
-25	-32	17	-24	-26	-23	-13	-8	cell = 568 to 575
-7	-40	-4	-6	-32	7	-42	11	cell = 576 to 583
-15	-19	-1	19	-27	-10	-38	-26	cell = 584 to 591
-3	-7	-43	-40	-22	-43	2	-6	cell = 592 to 599
-45	-3	-3	-19	-17	-15	-28	-13	cell = 600 to 607
-18	-30	-16	-27	-6	-5	-17	-37	cell = 608 to 615
-49	-15	-57	7	9	-26	-9	-12	cell = 616 to 623
-21	11	-31	-30	-28	-23	-9	-5	cell = 624 to 631
-12	-17	0	15	-10	8	-22	-44	cell = 632 to 639
-3	1	-51	-15	-29	-15	-17	24	cell = 640 to 647
-17	-1	-3	-13	8	-29	-24	-19	cell = 648 to 655
-15	0	-10	-27	-3	-83	-48	-17	cell = 656 to 663
-63	-13	-22	14	4	1	20	32	cell = 664 to 671
27	-18	-49	-66	-37	-15	12	10	cell = 672 to 679
-39	5	-10	-26	-10	-20	-21	12	cell = 680 to 687
-29	-48	7	-14	-18	-20	-13	7	cell = 688 to 695
-5	-47	-18	-37	-45	-36	-12	-34	cell = 696 to 703
-43	-50	3	-39	-21	-49	-6	-38	cell = 704 to 711
-6	-38	3	-17	25	-12	38	22	cell = 712 to 719
-29	-22	-37	-1	39	2	-29	-6	cell = 720 to 727
-18	-15	-49	-9	-4	2	-10	-50	cell = 728 to 735
-31	9	-17	-25	-20	-10	-19	1	cell = 736 to 743
-5	-30	-20	-34	-4	-30	6	-24	cell = 744 to 751
-2	-20	-10	-27	-8	14	19	-34	cell = 752 to 759
-21	11	12	0	8	-60	-6	-50	cell = 760 to 767
-42	-31	2	-28	-59	-24	-21	-54	cell = 768 to 775
5	-26	-63	-15	-31	0	-12	-3	cell = 776 to 783
-17	-28	-14	-17	-37	-4	10	-20	cell = 784 to 791
-47	-27	-48	36	-1	-58	-18	2	cell = 792 to 799
-39	6	-11	10	-39	6	-24	-59	cell = 800 to 807
-6	-30	-26	-15	-16	-17	24	-53	cell = 808 to 815
-30	-46	20	-18	-27	-15	17	-24	cell = 816 to 823
-34	-42	-13	-23	-25	-37	26	5	cell = 824 to 831
-28	-30	-8	6	16	-21	-8	-9	cell = 832 to 839
0	-25	-24	40	-26	-13	-13	17	cell = 840 to 847
-2	-24	-41	-53	-17	18	-17	-21	cell = 848 to 855
-22	-27	-50	-41	3	-38	-21	-14	cell = 856 to 863
-10	5	-13	-61	-43	23	-9	-31	cell = 864 to 871
-3	-38	-27	-13	-30	-18	-10	-39	cell = 872 to 879
-11	-5	-10	-15	11	-30	12	-48	cell = 880 to 887
17	-7	0	-6	-9	-29	4	-43	cell = 888 to 895
-38	-32	-25	-10	-37	-24	-23	1	cell = 896 to 903
-18	-28	-9	-31	2	-14	-22	-11	cell = 904 to 911
19	3	-1	6	1	-4	-27	-26	cell = 912 to 919
-22	12	14	-19	-54	-2	-14	-29	cell = 920 to 927
-51	-65	-32	-51	-15	-19	-22	-7	cell = 928 to 935
-7	-9	22	-53	-4	-19	-26	9	cell = 936 to 943
-31	-23	10	-24	-12	-9	20	-30	cell = 944 to 951
-15	-2	-3	-46	-62	-16	4	-23	cell = 952 to 959
-5	-22	-64	-33	-21	-11	-14	-31	cell = 960 to 967
1	13	-51	-4	-27	-33	-30	-33	cell = 968 to 975
-2	-9	-41	-26	-4	-37	9	-40	cell = 976 to 983
6	7	-12	-31	-14	14	-24	-15	cell = 984 to 991
-25	-8	-24	7	-32	-29	-13	28	cell = 992 to 999
-31	-12	-29	-22	1	-26	-16	-25	cell = 1000 to 1007
22	-17	-48	-56	-33	-23	0	-65	cell = 1008 to 1015
-34	-46	-30	-2	-57	3	-7	-9	cell = 1016 to 1023
Calibration values from cell 0 to 1024 for channel 6:

35	28	45	-55	41	6	49	20	cell = 0 to 7
79	-19	31	-29	67	30	32	13	cell = 8 to 15
65	-27	41	-10	57	5	47	-19	cell = 16 to 23
42	1	74	24	21	42	23	-18	cell = 24 to 31
69	-16	29	8	73	1	45	-55	cell = 32 to 39
45	-7	41	-4	63	-2	32	-9	cell = 40 to 47
21	6	47	5	54	-4	33	11	cell = 48 to 55
33	-43	66	42	46	0	41	-27	cell = 56 to 63
27	-37	21	-6	56	-42	21	-13	cell = 64 to 71
52	13	58	22	34	-34	38	-2	cell = 72 to 79
56	-1	19	7	43	3	37	-73	cell = 80 to 87
92	23	28	-25	13	-27	30	-31	cell = 88 to 95
33	5	38	4	14	22	27	-60	cell = 96 to 103
28	-16	37	-18	73	-7	35	-13	cell = 104 to 111
76	-11	12	-26	61	-6	79	0	cell = 112 to 119
35	-24	65	7	75	20	26	-29	cell = 120 to 127
57	1	-1	-5	22	-7	73	7	cell = 128 to 135
24	2	42	-28	44	-25	38	-31	cell = 136 to 143
42	-22	45	14	32	0	55	-43	cell = 144 to 151
81	30	84	-20	60	0	40	-22	cell = 152 to 159
61	-5	45	-46	60	-2	13	-18	cell = 160 to 167
39	-9	23	-11	56	-4	89	-3	cell = 168 to 175
53	18	44	25	42	5	35	3	cell = 176 to 183
52	3	51	3	72	-10	47	-13	cell = 184 to 191
24	11	47	0	108	0	22	-7	cell = 192 to 199
27	13	34	11	35	0	13	22	cell = 200 to 207
37	7	10	14	58	-10	8	-34	cell = 208 to 215
30	-10	48	-11	9	-36	-6	-6	cell = 216 to 223
101	-41	26	-71	42	-15	7	-43	cell = 224 to 231
28	14	38	-31	23	32	61	9	cell = 232 to 239
93	33	36	-37	46	-20	21	1	cell = 240 to 247
39	-33	39	-29	46	-15	54	-37	cell = 248 to 255
41	28	70	30	15	32	42	-20	cell = 256 to 263
36	-11	30	-13	38	-19	47	-14	cell = 264 to 271
23	-4	43	-10	19	-3	69	-28	cell = 272 to 279
-6	-3	67	-24	22	17	58	35	cell = 280 to 287
79	-21	38	6	26	-12	39	6	cell = 288 to 295
36	-32	13	18	73	1	40	-30	cell = 296 to 303
42	-29	32	-44	26	-7	49	-40	cell = 304 to 311
64	-13	69	-41	22	30	47	29	cell = 312 to 319
69	3	48	-18	48	-31	33	-40	cell = 320 to 327
26	-27	73	-21	60	1	23	0	cell = 328 to 335
4	6	14	-28	47	12	45	2	cell = 336 to 343
53	5	45	22	53	12	29	-5	cell = 344 to 351
27	6	50	-14	47	-12	37	10	cell = 352 to 359
6	-36	38	-33	45	2	45	-17	cell = 360 to 367
80	3	7	41	47	14	26	-17	cell = 368 to 375
51	16	57	-10	62	-23	47	25	cell = 376 to 383
11	-31	37	-29	13	-39	12	-27	cell = 384 to 391
2	-9	26	4	46	32	45	1	cell = 392 to 399
30	21	43	-13	31	-5	28	0	cell = 400 to 407
37	0	63	0	52	-12	58	-2	cell = 408 to 415
29	0	50	-19	21	4	29	24	cell = 416 to 423
73	-18	46	-23	18	12	54	-25	cell = 424 to 431
16	-24	28	-40	22	1	38	-18	cell = 432 to 439
51	-46	60	-15	58	2	31	-46	cell = 440 to 447
28	-3	18	25	47	-26	45	-5	cell = 448 to 455
90	-31	33	7	73	0	48	3	cell = 456 to 463
69	12	53	11	43	-31	57	-22	cell = 464 to 471
37	21	49	-25	51	-43	61	-15	cell = 472 to 479
18	8	74	-28	19	0	34	-8	cell = 480 to 487
53	-29	23	14	36	10	74	-30	cell = 488 to 495
49	-10	-20	-79	-32	-114	-31	-55	cell = 496 to 503
3	-11	66	-10	33	-13	65	-38	cell = 504 to 511
9	-53	-18	-33	5	-16	2	-39	cell = 512 to 519
-26	-9	-48	-28	-13	-8	-46	-32	cell = 520 to 527
-12	-65	-22	7	46	9	-47	-42	cell = 528 to 535
12	-38	-13	-19	20	-20	12	30	cell = 536 to 543
-14	-17	-23	-13	-37	-5	-16	-41	cell = 544 to 551
-10	-26	-23	-1	-5	-35	-5	-17	cell = 552 to 559
0	-30	-3	-9	-6	-11	-12	-9	cell = 560 to 567
-24	-10	-34	-32	-40	-27	-22	-35	cell = 568 to 575
-29	-53	-17	-4	-17	-51	-56	12	cell = 576 to 583
5	19	-28	-13	8	-11	-16	18	cell = 584 to 591
-2	-28	-23	-23	-24	0	-39	9	cell = 592 to 599
-10	-22	7	-20	-2	-11	21	-4	cell = 600 to 607
-8	-15	-17	-11	-27	5	-17	-47	cell = 608 to 615
-31	-35	21	12	-27	9	-29	-24	cell = 616 to 623
56	-14	-27	-10	8	8	-62	-7	cell = 624 to 631
-5	14	-8	6	-27	-39	-19	-30	cell = 632 to 639
-1	-41	-25	-29	-24	7	19	-23	cell = 640 to 647
24	-6	-46	-7	-26	-29	-7	1	cell = 648 to 655
-22	-18	16	14	-6	-3	-10	-28	cell = 656 to 663
2	-22	-14	-19	-29	-26	-47	-38	cell = 664 to 671
-1	-51	-16	-21	0	-63	-24	-31	cell = 672 to 679
-28	-21	-21	-54	-27	-31	-37	-17	cell = 680 to 687
-76	-47	32	-38	15	-24	20	-17	cell = 688 to 695
-17	5	-21	-4	-32	-20	-16	-34	cell = 696 to 703
-20	-25	8	-16	-6	-66	-69	-19	cell = 704 to 711
-42	-45	-30	-2	12	-29	-18	-18	cell = 712 to 719
11	-10	-48	-16	-23	14	11	10	cell = 720 to 727
2	10	-21	5	4	-49	-8	-27	cell = 728 to 735
9	8	-18	-36	18	-14	6	-4	cell = 736 to 743
27	-19	-63	-17	20	11	-48	-14	cell = 744 to 751
-29	-20	-9	-34	-17	-24	-5	23	cell = 752 to 759
-23	-13	-6	-39	-70	-40	-2	-19	cell = 760 to 767
-16	-30	-10	-32	14	-26	-19	-37	cell = 768 to 775
-34	-40	-12	-5	-23	-15	-32	-15	cell = 776 to 783
-37	-41	-11	-8	-20	-20	4	-29	cell = 784 to 791
-11	-49	8	5	-18	-34	1	-31	cell = 792 to 799
9	20	-55	-20	-50	-8	-21	-18	cell = 800 to 807
-8	-23	-65	-21	-79	10	29	-40	cell = 808 to 815
-14	25	0	29	-18	-20	-46	30	cell = 816 to 823
-10	10	-44	-21	-29	-31	24	-22	cell = 824 to 831
-14	1	-20	-12	-26	-22	-50	-43	cell = 832 to 839
-29	-2	-43	-30	-14	14	-30	-22	cell = 840 to 847
-15	-25	-13	-5	-19	-14	-16	-6	cell = 848 to 855
-12	-39	-3	-2	12	2	27	-11	cell = 856 to 863
3	10	-10	-31	9	-14	0	-44	cell = 864 to 871
-14	-43	-55	-24	-11	-18	-23	7	cell = 872 to 879
30	-18	-26	-28	-20	4	-38	-18	cell = 880 to 887
-53	-27	-8	-13	-13	-14	-82	2	cell = 888 to 895
8	-19	11	-11	-38	-16	7	-22	cell = 896 to 903
-9	-6	-28	-36	-22	1	27	-25	cell = 904 to 911
-26	12	-20	15	-34	1	-39	-17	cell = 912 to 919
-35	-17	-10	-12	-18	-15	-11	6	cell = 920 to 927
0	-21	-15	5	39	-60	7	-15	cell = 928 to 935
-22	16	10	-25	-23	-1	-49	-3	cell = 936 to 943
-13	-10	-32	-8	-20	-27	-37	-53	cell = 944 to 951
8	-40	-25	1	-8	-42	-17	-19	cell = 952 to 959
6	-50	6	-36	-29	-17	-49	-33	cell = 960 to 967
-5	-23	-10	-44	-38	0	-25	-15	cell = 968 to 975
-8	-15	-14	8	-51	6	-30	-38	cell = 976 to 983
1	-25	-10	3	-6	-13	-41	-14	cell = 984 to 991
-10	-32	5	-31	15	-2	-30	-7	cell = 992 to 999
9	-49	-22	-29	-35	-30	-8	-21	cell = 1000 to 1007
-5	-19	-52	-48	-6	-12	-30	-16	cell = 1008 to 1015
-54	-5	-33	-20	-11	-71	-33	-47	cell = 1016 to 1023
Calibration values from cell 0 to 1024 for channel 7:

38	-21	76	-7	22	8	79	0	cell = 0 to 7
19	-55	55	-58	29	-6	65	-26	cell = 8 to 15
65	12	61	0	49	0	43	-35	cell = 16 to 23
96	-23	42	-17	35	15	20	-16	cell = 24 to 31
61	-20	65	18	22	-26	-7	37	cell = 32 to 39
14	-3	24	-54	25	-11	64	-35	cell = 40 to 47
99	30	71	35	45	-38	59	4	cell = 48 to 55
44	0	64	-12	49	-14	56	10	cell = 56 to 63
56	-1	30	-2	48	1	7	-21	cell = 64 to 71
55	-33	33	-36	10	-5	71	30	cell = 72 to 79
43	-18	54	-13	33	-21	86	4	cell = 80 to 87
27	-7	31	-25	52	3	9	-20	cell = 88 to 95
73	-15	63	-7	73	19	22	5	cell = 96 to 103
14	-18	31	19	54	-49	28	-29	cell = 104 to 111
61	-11	42	-5	53	-16	61	-29	cell = 112 to 119
47	1	30	-15	48	-36	72	-18	cell = 120 to 127
34	-8	68	-12	34	-18	66	-43	cell = 128 to 135
34	-30	56	-7	71	-24	-3	-32	cell = 136 to 143
45	-3	41	-30	39	-15	50	-2	cell = 144 to 151
39	-30	57	3	68	-16	28	-7	cell = 152 to 159
51	-47	51	-9	33	-22	49	3	cell = 160 to 167
81	0	39	8	54	-17	57	-2	cell = 168 to 175
30	-50	34	-16	40	-18	59	-4	cell = 176 to 183
40	-17	13	-14	33	-10	45	-13	cell = 184 to 191
52	-44	61	10	28	-2	73	-54	cell = 192 to 199
48	0	54	-27	90	22	76	-2	cell = 200 to 207
48	-9	16	-10	48	9	19	23	cell = 208 to 215
39	1	66	18	10	-7	18	1	cell = 216 to 223
54	10	47	-28	51	-46	44	-67	cell = 224 to 231
32	-13	18	-1	40	-3	-13	-22	cell = 232 to 239
30	30	43	-23	39	-7	43	-43	cell = 240 to 247
0	33	22	-22	62	10	61	-20	cell = 248 to 255
37	-37	45	-20	30	-24	23	-18	cell = 256 to 263
58	-3	37	11	17	40	42	-12	cell = 264 to 271
70	-37	50	16	-6	31	69	2	cell = 272 to 279
79	-11	40	-26	36	-35	56	-11	cell = 280 to 287
59	-10	32	8	51	-26	66	18	cell = 288 to 295
67	-15	71	3	65	-23	44	-33	cell = 296 to 303
18	-53	42	-10	61	-20	42	-44	cell = 304 to 311
35	-19	43	4	38	-2	47	-25	cell = 312 to 319
36	-8	43	-6	22	-3	37	-16	cell = 320 to 327
35	-32	22	-2	15	-15	64	-17	cell = 328 to 335
23	-41	7	-21	39	-45	51	-8	cell = 336 to 343
31	23	60	26	64	-3	48	-4	cell = 344 to 351
27	-28	6	-26	41	-41	58	-24	cell = 352 to 359
27	3	31	-32	66	27	2	-14	cell = 360 to 367
40	8	37	-23	34	7	46	-22	cell = 368 to 375
64	-34	44	-9	37	-44	64	-31	cell = 376 to 383
8	-40	50	-40	19	-10	76	-5	cell = 384 to 391
46	-3	41	-30	61	-48	78	10	cell = 392 to 399
76	-50	15	16	70	41	64	-27	cell = 400 to 407
65	-29	45	-27	60	-23	89	-10	cell = 408 to 415
57	-70	16	10	46	0	16	-6	cell = 416 to 423
58	-34	79	16	5	-40	54	34	cell = 424 to 431
36	-46	67	-1	35	-15	47	-19	cell = 432 to 439
44	-21	63	30	65	8	18	18	cell = 440 to 447
67	-9	19	-22	42	22	33	-6	cell = 448 to 455
37	4	50	0	37	-47	50	25	cell = 456 to 463
46	2	37	-4	11	-23	45	24	cell = 464 to 471
60	-3	37	-8	49	0	49	-9	cell = 472 to 479
38	-14	26	0	36	-27	33	21	cell = 480 to 487
-2	-57	54	-33	78	-12	39	-25	cell = 488 to 495
25	1	-71	-83	-28	-55	-49	-80	cell = 496 to 503
75	-49	16	14	13	-18	47	-18	cell = 504 to 511
11	-58	9	-31	11	-15	-38	-26	cell = 512 to 519
-35	-8	-5	21	6	11	-13	-12	cell = 520 to 527
-12	-10	-68	-51	-33	-29	-10	0	cell = 528 to 535
-12	-31	-11	-2	-41	-26	-24	3	cell = 536 to 543
5	-41	18	-3	11	13	-16	-48	cell = 544 to 551
-1	-72	-32	-26	-17	2	-3	-25	cell = 552 to 559
-11	-23	6	-39	-34	-3	-10	-8	cell = 560 to 567
-25	-43	-28	-17	-19	-13	-14	-25	cell = 568 to 575
-49	-56	0	-15	-44	-15	-54	-20	cell = 576 to 583
-19	-28	-25	57	-3	-18	-31	6	cell = 584 to 591
-71	-27	-10	-22	33	-28	14	-21	cell = 592 to 599
-8	-8	11	-13	-12	-47	11	-17	cell = 600 to 607
0	-19	-28	-9	3	1	-21	-23	cell = 608 to 615
-44	-7	-15	-42	2	-28	-16	-31	cell = 616 to 623
-2	-14	-2	-6	9	-26	5	-20	cell = 624 to 631
-26	-19	22	-19	21	-12	-39	-26	cell = 632 to 639
-36	-13	-30	-23	-32	-18	-18	-15	cell = 640 to 647
-17	-9	23	17	-54	-9	-43	-9	cell = 648 to 655
-22	-52	14	-30	-17	-27	18	-39	cell = 656 to 663
12	-2	-7	-20	-18	-26	-46	-46	cell = 664 to 671
-34	-28	-9	-23	-23	-18	1	22	cell = 672 to 679
-35	-13	-20	15	-3	-15	-7	-28	cell = 680 to 687
-8	-22	3	-13	3	-19	-40	-2	cell = 688 to 695
-27	0	11	-19	3	-53	-14	-23	cell = 696 to 703
19	-4	-2	-11	-2	-29	-1	-17	cell = 704 to 711
-4	-21	-48	-9	-35	-4	-2	-33	cell = 712 to 719
18	-19	2	-1	-29	-13	22	-4	cell = 720 to 727
-37	-51	-16	-28	-6	0	-18	16	cell = 728 to 735
-27	-37	-2	-14	-43	10	0	-42	cell = 736 to 743
-3	-4	-26	-10	-20	-30	12	-29	cell = 744 to 751
-17	-32	-37	-2	-30	6	-45	6	cell = 752 to 759
-48	5	20	-15	-7	-49	-31	8	cell = 760 to 767
-55	-32	-7	7	-55	-8	-38	-35	cell = 768 to 775
-44	-30	-43	-29	-36	-13	-32	-54	cell = 776 to 783
0	-42	-21	-52	24	10	18	-23	cell = 784 to 791
-44	-5	-15	14	-28	16	-21	-12	cell = 792 to 799
-9	-15	-31	18	-6	-14	-15	-46	cell = 800 to 807
11	-39	7	-4	11	-6	-8	-6	cell = 808 to 815
-52	-33	-41	-32	-5	-19	11	42	cell = 816 to 823
-28	-19	0	18	-16	-19	6	-10	cell = 824 to 831
8	-39	-17	-3	-16	-4	-21	-34	cell = 832 to 839
-44	-15	-6	0	5	-48	-27	-17	cell = 840 to 847
-8	-10	-4	-8	-8	-43	3	-30	cell = 848 to 855
-2	2	-18	-35	-49	-9	7	6	cell = 856 to 863
-3	-23	-12	3	-53	-22	-36	-23	cell = 864 to 871
-34	-22	22	-48	3	2	-15	-32	cell = 872 to 879
-22	-3	-20	-29	22	-26	-17	-3	cell = 880 to 887
-5	-28	-11	-29	-18	-9	-40	-19	cell = 888 to 895
-25	-26	-39	-45	7	-11	-13	-19	cell = 896 to 903
-32	-28	-10	21	-11	-48	-38	8	cell = 904 to 911
-7	-1	-15	-25	0	-47	-32	-13	cell = 912 to 919
-43	-15	-29	-24	-26	-5	-12	-21	cell = 920 to 927
8	11	-21	-7	-2	-21	5	-1	cell = 928 to 935
-35	-64	-20	-6	33	-12	-3	-46	cell = 936 to 943
-38	-42	-18	-21	-15	1	-28	5	cell = 944 to 951
-22	6	-1	-6	-5	-28	-35	0	cell = 952 to 959
-46	12	2	17	-11	25	-16	17	cell = 960 to 967
-14	-6	27	-2	-3	-10	13	-39	cell = 968 to 975
-39	-33	-28	24	-9	-21	9	9	cell = 976 to 983
-54	29	11	-23	-42	-48	-8	20	cell = 984 to 991
-7	-18	22	-17	0	-22	-9	8	cell = 992 to 999
-10	-31	1	-25	2	-2	-35	-22	cell = 1000 to 1007
19	-27	-38	-38	-53	2	0	-53	cell = 1008 to 1015
-46	1	-55	-7	-36	11	-33	2	cell = 1016 to 1023
Calibration values from cell 0 to 1024 for channel 8:

55	11	27	20	39	22	13	-9	cell = 0 to 7
38	-12	39	-21	55	-28	52	-8	cell = 8 to 15
40	-19	56	42	20	-4	63	32	cell = 16 to 23
46	2	57	-24	1	24	29	19	cell = 24 to 31
33	37	69	21	67	27	33	-6	cell = 32 to 39
56	39	63	-25	38	-43	45	-17	cell = 40 to 47
41	10	27	-29	21	16	15	-10	cell = 48 to 55
27	26	18	-24	55	12	25	-18	cell = 56 to 63
54	27	23	-21	15	-15	43	-38	cell = 64 to 71
26	13	58	18	70	-10	63	40	cell = 72 to 79
59	18	16	3	44	-3	60	15	cell = 80 to 87
83	-13	68	-18	33	-13	41	-4	cell = 88 to 95
65	-3	21	13	65	11	49	-6	cell = 96 to 103
66	13	38	-13	61	25	58	46	cell = 104 to 111
30	-6	29	-35	41	22	13	37	cell = 112 to 119
38	-10	69	-21	29	-5	52	1	cell = 120 to 127
27	27	17	0	18	0	31	0	cell = 128 to 135
67	-12	61	18	40	11	37	-34	cell = 136 to 143
21	22	30	-11	74	-7	71	11	cell = 144 to 151
66	1	63	-3	43	0	22	11	cell = 152 to 159
29	-7	36	8	28	-42	18	3	cell = 160 to 167
50	-11	54	-24	37	-26	79	12	cell = 168 to 175
51	-9	67	30	32	13	19	-13	cell = 176 to 183
12	-16	37	-26	53	27	27	-26	cell = 184 to 191
25	-4	59	3	44	20	75	15	cell = 192 to 199
54	-2	31	12	45	-29	56	-27	cell = 200 to 207
50	-33	41	16	47	-4	11	-7	cell = 208 to 215
43	9	51	-24	35	4	32	-23	cell = 216 to 223
46	37	37	-30	34	22	52	-4	cell = 224 to 231
29	4	42	-26	56	5	31	-3	cell = 232 to 239
58	-14	28	27	62	5	74	4	cell = 240 to 247
59	28	26	-11	32	13	55	31	cell = 248 to 255
44	17	37	-10	52	16	52	-12	cell = 256 to 263
59	-21	21	-28	40	-8	39	-11	cell = 264 to 271
37	-18	68	-10	37	14	30	1	cell = 272 to 279
18	13	10	32	80	4	36	21	cell = 280 to 287
38	-16	21	-11	43	20	1	-11	cell = 288 to 295
13	12	73	9	62	-24	32	9	cell = 296 to 303
57	-29	34	-9	17	3	80	-8	cell = 304 to 311
54	4	43	-15	57	-26	22	-13	cell = 312 to 319
55	3	16	-19	43	32	39	-13	cell = 320 to 327
3	-3	72	-34	45	-25	59	-29	cell = 328 to 335
30	-43	48	2	69	-68	10	1	cell = 336 to 343
43	-5	58	-15	39	39	21	-6	cell = 344 to 351
99	-40	33	-4	61	-27	47	-10	cell = 352 to 359
17	-33	57	18	59	-9	28	-22	cell = 360 to 367
35	-9	39	28	44	26	18	-20	cell = 368 to 375
55	1	29	-24	49	-32	27	-19	cell = 376 to 383
29	36	12	-3	0	7	49	10	cell = 384 to 391
-6	-5	23	8	34	-10	61	-17	cell = 392 to 399
36	20	49	-20	70	5	32	-16	cell = 400 to 407
13	10	35	-8	34	-19	54	-56	cell = 408 to 415
8	22	41	-13	44	-16	15	-19	cell = 416 to 423
37	3	31	-4	70	-3	52	-3	cell = 424 to 431
6	-27	62	-25	60	16	47	-42	cell = 432 to 439
51	-32	46	-19	56	-18	12	-33	cell = 440 to 447
21	-33	78	-12	35	-5	70	-21	cell = 448 to 455
44	-4	51	-28	32	-19	39	-34	cell = 456 to 463
39	29	60	-19	10	9	58	-57	cell = 464 to 471
39	-38	25	-32	24	1	42	23	cell = 472 to 479
43	-6	47	-31	77	29	48	-29	cell = 480 to 487
30	-35	35	-33	15	33	46	-40	cell = 488 to 495
69	7	-12	-105	-22	-88	-45	-83	cell = 496 to 503
60	42	68	-30	34	-17	45	-9	cell = 504 to 511
5	-43	-9	-13	-21	-30	-67	-70	cell = 512 to 519
-38	-24	-13	-46	-62	1	-23	-45	cell = 520 to 527
-34	0	-39	-1	1	-12	-26	-2	cell = 528 to 535
-28	-6	-2	-27	-2	-25	-24	-25	cell = 536 to 543
-8	-17	-12	-4	-10	-60	-49	15	cell = 544 to 551
-11	-25	-25	-6	-23	21	-15	-10	cell = 552 to 559
-38	-4	-17	19	21	-34	-21	1	cell = 560 to 567
-3	-19	-2	-19	-52	-8	-45	-44	cell = 568 to 575
-26	-6	-51	-28	-30	-4	-60	-6	cell = 576 to 583
-2	-36	-19	-28	-55	8	4	-21	cell = 584 to 591
7	5	-6	-54	-19	-38	-31	-9	cell = 592 to 599
-23	-11	-48	-31	-23	1	-24	-15	cell = 600 to 607
-2	-27	-1	0	-38	-13	-4	-11	cell = 608 to 615
-67	-13	-34	-36	-19	-1	-29	4	cell = 616 to 623
-9	0	-2	-42	-45	6	-36	-11	cell = 624 to 631
-12	10	-28	11	-5	-22	-23	-36	cell = 632 to 639
-27	-89	-25	-28	-24	-27	2	2	cell = 640 to 647
-27	-13	-27	28	10	-27	-4	-10	cell = 648 to 655
-40	6	-44	12	1	-22	-23	-18	cell = 656 to 663
-31	-50	-12	2	-19	5	-2	18	cell = 664 to 671
-31	17	-35	-6	-41	4	-32	-1	cell = 672 to 679
-19	2	-22	-28	-34	22	-29	20	cell = 680 to 687
-21	-46	-22	27	-42	1	-46	-16	cell = 688 to 695
11	4	-37	2	-18	-5	-26	28	cell = 696 to 703
-27	-26	-19	12	2	-6	-43	9	cell = 704 to 711
8	-27	-59	4	-40	-6	2	-17	cell = 712 to 719
-7	-40	-2	-2	-42	0	-22	2	cell = 720 to 727
-7	1	19	-9	-2	17	-28	10	cell = 728 to 735
-2	-17	-44	-25	-11	-9	-56	12	cell = 736 to 743
-21	20	-27	-12	-5	-21	-21	-36	cell = 744 to 751
-31	-24	-36	-7	7	0	3	-25	cell = 752 to 759
-1	-10	-42	24	-46	-20	-17	-11	cell = 760 to 767
-12	-43	-50	-28	-14	-18	-26	-21	cell = 768 to 775
-41	-15	-4	-14	-47	-53	-10	-43	cell = 776 to 783
1	-15	-34	-19	-3	6	-10	-9	cell = 784 to 791
21	-42	8	17	-15	-36	-21	-20	cell = 792 to 799
4	-22	0	-2	-13	-20	-25	-14	cell = 800 to 807
-26	-34	-29	-27	-13	11	-24	-21	cell = 808 to 815
-5	5	-8	8	-9	-66	0	2	cell = 816 to 823
-28	-23	-59	-15	-21	8	22	3	cell = 824 to 831
8	-24	8	-43	-21	7	-23	-4	cell = 832 to 839
-35	-19	-33	-31	-31	-29	28	8	cell = 840 to 847
-39	-11	-24	-43	-50	-25	-38	-20	cell = 848 to 855
-12	0	-18	-20	-7	-10	-25	-34	cell = 856 to 863
-10	-18	-53	-21	-50	-3	-20	-32	cell = 864 to 871
-28	-27	-22	-59	-73	19	-14	-39	cell = 872 to 879
3	-21	-11	-14	-27	-25	-26	-20	cell = 880 to 887
17	-50	-8	-41	-23	-16	-19	-29	cell = 888 to 895
-15	-28	18	-27	-8	-8	5	-37	cell = 896 to 903
-34	-57	-33	-5	-37	-8	-38	-26	cell = 904 to 911
-58	-28	-38	-30	36	-6	1	-26	cell = 912 to 919
-9	20	-13	-16	-18	-2	-58	16	cell = 920 to 927
-24	-45	-12	-18	-24	-38	-24	3	cell = 928 to 935
10	-4	-53	0	-10	-19	-43	-25	cell = 936 to 943
16	0	-39	-53	-49	0	-34	-12	cell = 944 to 951
-43	-30	32	-2	-54	-50	4	-14	cell = 952 to 959
-5	-32	0	-41	15	-30	-20	8	cell = 960 to 967
-47	-21	7	-11	-75	-16	-32	-42	cell = 968 to 975
-22	-40	-20	1	-48	-14	-23	3	cell = 976 to 983
-8	-24	-20	-1	-25	-34	-44	14	cell = 984 to 991
5	-9	-39	-23	13	-40	-23	-11	cell = 992 to 999
18	-24	-17	22	-18	-22	-33	-75	cell = 1000 to 1007
-62	-19	-46	-19	-18	-27	-39	-26	cell = 1008 to 1015
-63	-19	12	19	-47	-18	-41	-40	cell = 1016 to 1023
