Calibration values (ps) from cell 0 to 1024 :

00000.000	00000.193	00000.387	00000.581	00000.774	00000.968	00001.163	00001.357	cell = 0 to 7
00001.552	00001.746	00001.941	00002.136	00002.331	00002.526	00002.722	00002.917	cell = 8 to 15
00003.113	00003.309	00003.505	00003.701	00003.897	00004.093	00004.289	00004.486	cell = 16 to 23
00004.682	00004.879	00005.075	00005.272	00005.468	00005.665	00005.861	00006.058	cell = 24 to 31
00006.255	00006.451	00006.647	00006.844	00007.040	00007.236	00007.432	00007.629	cell = 32 to 39
00007.825	00008.022	00008.219	00008.415	00008.612	00008.809	00009.006	00009.202	cell = 40 to 47
00009.399	00009.596	00009.793	00009.990	00010.186	00010.383	00010.579	00010.776	cell = 48 to 55
00010.972	00011.169	00011.365	00011.561	00011.758	00011.954	00012.151	00012.347	cell = 56 to 63
00012.544	00012.740	00012.937	00013.134	00013.331	00013.528	00013.725	00013.922	cell = 64 to 71
00014.119	00014.316	00014.513	00014.710	00014.907	00015.104	00015.301	00015.497	cell = 72 to 79
00015.694	00015.892	00016.089	00016.286	00016.483	00016.681	00016.878	00017.076	cell = 80 to 87
00017.274	00017.472	00017.670	00017.868	00018.066	00018.264	00018.462	00018.661	cell = 88 to 95
00018.859	00019.057	00019.256	00019.454	00019.652	00019.851	00020.049	00020.248	cell = 96 to 103
00020.446	00020.644	00020.843	00021.041	00021.239	00021.437	00021.635	00021.833	cell = 104 to 111
00022.031	00022.229	00022.427	00022.626	00022.824	00023.022	00023.220	00023.418	cell = 112 to 119
00023.616	00023.814	00024.012	00024.210	00024.408	00024.606	00024.805	00025.003	cell = 120 to 127
00025.202	00025.400	00025.599	00025.797	00025.996	00026.195	00026.394	00026.593	cell = 128 to 135
00026.792	00026.991	00027.190	00027.390	00027.589	00027.788	00027.987	00028.186	cell = 136 to 143
00028.385	00028.584	00028.783	00028.982	00029.181	00029.380	00029.579	00029.778	cell = 144 to 151
00029.977	00030.176	00030.375	00030.575	00030.774	00030.974	00031.173	00031.373	cell = 152 to 159
00031.572	00031.772	00031.971	00032.171	00032.371	00032.570	00032.770	00032.970	cell = 160 to 167
00033.170	00033.369	00033.569	00033.769	00033.968	00034.167	00034.367	00034.566	cell = 168 to 175
00034.766	00034.965	00035.165	00035.364	00035.564	00035.763	00035.963	00036.162	cell = 176 to 183
00036.362	00036.561	00036.760	00036.960	00037.159	00037.359	00037.558	00037.758	cell = 184 to 191
00037.957	00038.157	00038.356	00038.556	00038.756	00038.955	00039.155	00039.355	cell = 192 to 199
00039.555	00039.755	00039.955	00040.155	00040.355	00040.556	00040.756	00040.956	cell = 200 to 207
00041.157	00041.357	00041.558	00041.758	00041.959	00042.159	00042.359	00042.560	cell = 208 to 215
00042.760	00042.960	00043.160	00043.360	00043.560	00043.760	00043.961	00044.161	cell = 216 to 223
00044.361	00044.561	00044.761	00044.961	00045.161	00045.360	00045.560	00045.760	cell = 224 to 231
00045.960	00046.160	00046.360	00046.560	00046.759	00046.959	00047.159	00047.359	cell = 232 to 239
00047.559	00047.760	00047.960	00048.160	00048.361	00048.561	00048.762	00048.962	cell = 240 to 247
00049.163	00049.363	00049.564	00049.765	00049.966	00050.167	00050.368	00050.569	cell = 248 to 255
00050.770	00050.971	00051.172	00051.373	00051.574	00051.775	00051.976	00052.177	cell = 256 to 263
00052.377	00052.578	00052.778	00052.979	00053.179	00053.380	00053.581	00053.782	cell = 264 to 271
00053.982	00054.183	00054.384	00054.585	00054.786	00054.987	00055.189	00055.390	cell = 272 to 279
00055.591	00055.792	00055.993	00056.195	00056.396	00056.597	00056.799	00057.001	cell = 280 to 287
00057.202	00057.404	00057.606	00057.807	00058.009	00058.211	00058.413	00058.614	cell = 288 to 295
00058.816	00059.018	00059.221	00059.423	00059.624	00059.826	00060.028	00060.230	cell = 296 to 303
00060.432	00060.634	00060.836	00061.038	00061.240	00061.442	00061.644	00061.847	cell = 304 to 311
00062.049	00062.252	00062.454	00062.657	00062.860	00063.064	00063.267	00063.470	cell = 312 to 319
00063.674	00063.878	00064.081	00064.285	00064.489	00064.693	00064.897	00065.101	cell = 320 to 327
00065.305	00065.509	00065.713	00065.917	00066.120	00066.324	00066.528	00066.731	cell = 328 to 335
00066.935	00067.139	00067.343	00067.546	00067.750	00067.954	00068.158	00068.361	cell = 336 to 343
00068.565	00068.769	00068.973	00069.177	00069.381	00069.584	00069.788	00069.991	cell = 344 to 351
00070.195	00070.398	00070.601	00070.805	00071.008	00071.211	00071.415	00071.618	cell = 352 to 359
00071.822	00072.026	00072.229	00072.433	00072.636	00072.840	00073.044	00073.247	cell = 360 to 367
00073.451	00073.654	00073.858	00074.061	00074.265	00074.468	00074.672	00074.875	cell = 368 to 375
00075.079	00075.282	00075.486	00075.690	00075.893	00076.096	00076.300	00076.503	cell = 376 to 383
00076.706	00076.910	00077.113	00077.316	00077.519	00077.723	00077.926	00078.129	cell = 384 to 391
00078.332	00078.536	00078.739	00078.942	00079.146	00079.349	00079.553	00079.757	cell = 392 to 399
00079.961	00080.165	00080.369	00080.574	00080.778	00080.983	00081.188	00081.392	cell = 400 to 407
00081.597	00081.802	00082.007	00082.212	00082.416	00082.621	00082.825	00083.030	cell = 408 to 415
00083.234	00083.439	00083.643	00083.847	00084.052	00084.256	00084.460	00084.664	cell = 416 to 423
00084.868	00085.072	00085.276	00085.480	00085.685	00085.889	00086.093	00086.298	cell = 424 to 431
00086.502	00086.707	00086.911	00087.116	00087.320	00087.524	00087.728	00087.933	cell = 432 to 439
00088.137	00088.341	00088.545	00088.749	00088.953	00089.157	00089.362	00089.566	cell = 440 to 447
00089.771	00089.976	00090.180	00090.385	00090.590	00090.795	00091.000	00091.205	cell = 448 to 455
00091.409	00091.614	00091.819	00092.024	00092.229	00092.434	00092.640	00092.845	cell = 456 to 463
00093.051	00093.256	00093.461	00093.667	00093.872	00094.077	00094.283	00094.488	cell = 464 to 471
00094.694	00094.899	00095.104	00095.310	00095.515	00095.720	00095.926	00096.132	cell = 472 to 479
00096.337	00096.543	00096.749	00096.955	00097.161	00097.367	00097.573	00097.779	cell = 480 to 487
00097.985	00098.191	00098.397	00098.602	00098.808	00099.013	00099.218	00099.423	cell = 488 to 495
00099.628	00099.833	00100.038	00100.243	00100.446	00100.650	00100.854	00101.057	cell = 496 to 503
00101.259	00101.462	00101.664	00101.867	00102.070	00102.272	00102.475	00102.677	cell = 504 to 511
00102.879	00103.082	00103.284	00103.487	00103.689	00103.892	00104.094	00104.297	cell = 512 to 519
00104.499	00104.702	00104.905	00105.108	00105.310	00105.513	00105.716	00105.918	cell = 520 to 527
00106.121	00106.324	00106.527	00106.730	00106.933	00107.137	00107.340	00107.543	cell = 528 to 535
00107.746	00107.949	00108.153	00108.356	00108.559	00108.762	00108.966	00109.169	cell = 536 to 543
00109.372	00109.575	00109.778	00109.981	00110.184	00110.386	00110.589	00110.792	cell = 544 to 551
00110.995	00111.198	00111.402	00111.605	00111.808	00112.011	00112.214	00112.417	cell = 552 to 559
00112.620	00112.823	00113.026	00113.229	00113.432	00113.635	00113.838	00114.041	cell = 560 to 567
00114.244	00114.446	00114.649	00114.852	00115.055	00115.258	00115.461	00115.664	cell = 568 to 575
00115.867	00116.069	00116.272	00116.475	00116.678	00116.880	00117.083	00117.286	cell = 576 to 583
00117.489	00117.692	00117.896	00118.099	00118.302	00118.506	00118.709	00118.913	cell = 584 to 591
00119.117	00119.321	00119.524	00119.728	00119.931	00120.134	00120.337	00120.541	cell = 592 to 599
00120.745	00120.948	00121.153	00121.357	00121.561	00121.765	00121.969	00122.173	cell = 600 to 607
00122.377	00122.581	00122.785	00122.989	00123.192	00123.396	00123.600	00123.803	cell = 608 to 615
00124.007	00124.211	00124.415	00124.618	00124.822	00125.026	00125.229	00125.433	cell = 616 to 623
00125.636	00125.840	00126.043	00126.246	00126.449	00126.652	00126.855	00127.058	cell = 624 to 631
00127.261	00127.463	00127.666	00127.869	00128.072	00128.275	00128.478	00128.681	cell = 632 to 639
00128.884	00129.087	00129.290	00129.493	00129.696	00129.899	00130.102	00130.305	cell = 640 to 647
00130.509	00130.712	00130.915	00131.117	00131.320	00131.523	00131.725	00131.928	cell = 648 to 655
00132.131	00132.333	00132.536	00132.739	00132.941	00133.144	00133.346	00133.549	cell = 656 to 663
00133.751	00133.954	00134.157	00134.360	00134.562	00134.765	00134.967	00135.170	cell = 664 to 671
00135.372	00135.574	00135.777	00135.979	00136.181	00136.383	00136.584	00136.786	cell = 672 to 679
00136.987	00137.188	00137.390	00137.591	00137.792	00137.993	00138.193	00138.394	cell = 680 to 687
00138.594	00138.795	00138.995	00139.195	00139.396	00139.596	00139.797	00139.998	cell = 688 to 695
00140.198	00140.399	00140.600	00140.800	00141.001	00141.201	00141.401	00141.602	cell = 696 to 703
00141.802	00142.003	00142.203	00142.403	00142.603	00142.803	00143.003	00143.203	cell = 704 to 711
00143.403	00143.603	00143.803	00144.003	00144.202	00144.402	00144.601	00144.801	cell = 712 to 719
00145.001	00145.201	00145.400	00145.600	00145.800	00146.000	00146.200	00146.400	cell = 720 to 727
00146.600	00146.800	00147.000	00147.200	00147.400	00147.600	00147.800	00148.000	cell = 728 to 735
00148.200	00148.400	00148.599	00148.799	00148.998	00149.198	00149.397	00149.596	cell = 736 to 743
00149.796	00149.995	00150.194	00150.393	00150.592	00150.791	00150.990	00151.190	cell = 744 to 751
00151.389	00151.589	00151.788	00151.987	00152.185	00152.384	00152.583	00152.782	cell = 752 to 759
00152.980	00153.179	00153.378	00153.576	00153.775	00153.974	00154.172	00154.370	cell = 760 to 767
00154.569	00154.767	00154.966	00155.164	00155.362	00155.560	00155.759	00155.957	cell = 768 to 775
00156.156	00156.355	00156.553	00156.752	00156.951	00157.150	00157.349	00157.547	cell = 776 to 783
00157.746	00157.945	00158.143	00158.342	00158.541	00158.739	00158.937	00159.135	cell = 784 to 791
00159.334	00159.532	00159.729	00159.927	00160.125	00160.323	00160.521	00160.719	cell = 792 to 799
00160.917	00161.115	00161.313	00161.511	00161.709	00161.907	00162.105	00162.303	cell = 800 to 807
00162.502	00162.700	00162.898	00163.096	00163.294	00163.493	00163.691	00163.890	cell = 808 to 815
00164.088	00164.287	00164.486	00164.684	00164.882	00165.081	00165.279	00165.477	cell = 816 to 823
00165.675	00165.873	00166.071	00166.269	00166.467	00166.665	00166.862	00167.060	cell = 824 to 831
00167.258	00167.456	00167.654	00167.852	00168.050	00168.248	00168.446	00168.644	cell = 832 to 839
00168.842	00169.039	00169.237	00169.435	00169.633	00169.831	00170.029	00170.227	cell = 840 to 847
00170.424	00170.622	00170.819	00171.016	00171.214	00171.411	00171.608	00171.805	cell = 848 to 855
00172.003	00172.200	00172.397	00172.594	00172.792	00172.989	00173.186	00173.383	cell = 856 to 863
00173.580	00173.777	00173.974	00174.171	00174.367	00174.564	00174.761	00174.958	cell = 864 to 871
00175.154	00175.351	00175.548	00175.744	00175.940	00176.136	00176.332	00176.528	cell = 872 to 879
00176.724	00176.920	00177.115	00177.311	00177.507	00177.702	00177.898	00178.093	cell = 880 to 887
00178.289	00178.485	00178.680	00178.876	00179.072	00179.267	00179.463	00179.658	cell = 888 to 895
00179.854	00180.049	00180.244	00180.440	00180.635	00180.831	00181.026	00181.222	cell = 896 to 903
00181.418	00181.613	00181.809	00182.005	00182.202	00182.398	00182.594	00182.791	cell = 904 to 911
00182.987	00183.184	00183.380	00183.576	00183.772	00183.969	00184.165	00184.361	cell = 912 to 919
00184.557	00184.754	00184.950	00185.146	00185.343	00185.539	00185.735	00185.931	cell = 920 to 927
00186.127	00186.322	00186.518	00186.713	00186.908	00187.104	00187.299	00187.494	cell = 928 to 935
00187.688	00187.883	00188.077	00188.272	00188.466	00188.660	00188.855	00189.049	cell = 936 to 943
00189.243	00189.437	00189.631	00189.824	00190.018	00190.212	00190.405	00190.599	cell = 944 to 951
00190.793	00190.987	00191.181	00191.374	00191.568	00191.762	00191.956	00192.150	cell = 952 to 959
00192.344	00192.538	00192.731	00192.925	00193.118	00193.312	00193.506	00193.700	cell = 960 to 967
00193.894	00194.088	00194.282	00194.476	00194.670	00194.864	00195.058	00195.252	cell = 968 to 975
00195.447	00195.641	00195.836	00196.030	00196.225	00196.420	00196.615	00196.809	cell = 976 to 983
00197.005	00197.199	00197.394	00197.589	00197.784	00197.979	00198.174	00198.369	cell = 984 to 991
00198.565	00198.760	00198.955	00199.151	00199.347	00199.543	00199.739	00199.935	cell = 992 to 999
00200.131	00200.327	00200.523	00200.719	00200.915	00201.110	00201.306	00201.501	cell = 1000 to 1007
00201.696	00201.892	00202.086	00202.281	00202.475	00202.669	00202.863	00203.057	cell = 1008 to 1015
00203.251	00203.445	00203.639	00203.833	00204.026	00204.220	00204.413	00204.607	cell = 1016 to 1023
