Calibration values from cell 0 to 1024 for channel 0:

42	-40	-4	13	30	-24	29	-38	cell = 0 to 7
0	4	16	-4	61	34	14	18	cell = 8 to 15
29	12	36	6	60	13	28	1	cell = 16 to 23
51	-2	15	-20	9	-37	37	-53	cell = 24 to 31
50	11	8	6	47	0	89	-9	cell = 32 to 39
0	30	15	12	6	-30	47	-14	cell = 40 to 47
16	-24	33	2	50	-11	38	-14	cell = 48 to 55
39	20	21	41	15	20	40	1	cell = 56 to 63
32	-19	54	-29	25	17	20	12	cell = 64 to 71
71	-11	72	31	84	15	38	-31	cell = 72 to 79
69	17	19	-34	76	-3	62	-20	cell = 80 to 87
76	-20	70	8	38	19	14	-13	cell = 88 to 95
14	26	73	5	34	1	49	-24	cell = 96 to 103
43	8	38	18	82	8	13	1	cell = 104 to 111
77	14	1	6	49	8	26	-17	cell = 112 to 119
28	-12	18	6	16	-1	84	2	cell = 120 to 127
38	4	48	10	64	6	41	13	cell = 128 to 135
42	-22	21	13	26	14	30	17	cell = 136 to 143
33	-13	-2	0	67	-16	37	-22	cell = 144 to 151
60	37	65	27	5	35	33	-12	cell = 152 to 159
48	-8	67	18	50	13	36	13	cell = 160 to 167
59	-11	40	-20	30	19	31	-7	cell = 168 to 175
55	26	58	16	28	-30	22	29	cell = 176 to 183
50	19	67	-48	50	22	40	-32	cell = 184 to 191
12	-16	29	-29	47	-8	34	-14	cell = 192 to 199
12	-20	52	-30	10	18	30	9	cell = 200 to 207
23	0	-2	-25	42	6	14	23	cell = 208 to 215
57	-56	59	-3	63	-10	16	-24	cell = 216 to 223
52	0	21	18	25	21	17	10	cell = 224 to 231
45	-6	29	19	45	-16	50	3	cell = 232 to 239
49	4	31	-10	53	-16	72	28	cell = 240 to 247
39	10	51	11	58	-45	64	-6	cell = 248 to 255
74	-12	6	-16	50	11	54	-31	cell = 256 to 263
12	-11	70	35	41	-7	6	-55	cell = 264 to 271
68	14	24	-32	54	-12	35	-13	cell = 272 to 279
50	-9	43	16	34	-25	32	-30	cell = 280 to 287
9	12	24	-6	-2	-13	2	-2	cell = 288 to 295
58	25	65	17	30	7	41	17	cell = 296 to 303
49	-14	63	51	23	-20	76	-8	cell = 304 to 311
65	-15	49	-12	76	-34	65	6	cell = 312 to 319
24	-3	45	-29	50	-14	11	-20	cell = 320 to 327
60	9	32	1	59	0	28	4	cell = 328 to 335
18	6	29	-10	32	38	40	-11	cell = 336 to 343
53	-24	37	16	58	19	7	-3	cell = 344 to 351
94	16	66	-13	55	-64	52	-8	cell = 352 to 359
60	-8	24	16	99	-9	28	26	cell = 360 to 367
73	5	44	10	12	-1	27	-7	cell = 368 to 375
55	-19	-7	-40	92	-24	66	-2	cell = 376 to 383
36	26	50	1	26	-8	43	-4	cell = 384 to 391
66	-8	55	12	36	42	28	-27	cell = 392 to 399
22	-7	58	-4	39	3	21	-39	cell = 400 to 407
52	-21	39	64	66	11	67	-10	cell = 408 to 415
49	34	57	-11	39	-7	63	-42	cell = 416 to 423
27	14	-12	-40	30	-25	25	-6	cell = 424 to 431
44	-26	18	3	36	27	47	5	cell = 432 to 439
69	14	46	-12	7	-8	17	-24	cell = 440 to 447
48	1	45	31	54	-7	66	31	cell = 448 to 455
54	-7	80	30	47	-34	40	-24	cell = 456 to 463
29	-38	34	30	70	17	56	-11	cell = 464 to 471
73	-2	38	-40	27	23	21	-23	cell = 472 to 479
3	-9	42	40	9	8	31	-21	cell = 480 to 487
22	-6	32	-7	30	-16	60	24	cell = 488 to 495
40	24	0	-86	-35	-63	-47	-67	cell = 496 to 503
68	-27	66	-30	63	-39	36	-7	cell = 504 to 511
-17	-26	-36	-16	-18	-33	-31	-25	cell = 512 to 519
-15	-37	-61	-24	-46	19	-15	5	cell = 520 to 527
-26	6	-25	-34	-11	-42	-38	-68	cell = 528 to 535
-14	4	-25	-29	-37	13	7	24	cell = 536 to 543
0	-19	-34	-2	-29	-11	-59	-9	cell = 544 to 551
-27	-23	-22	-2	-67	-40	-30	-13	cell = 552 to 559
-11	-47	-26	-33	-29	13	-61	-9	cell = 560 to 567
-9	-20	9	-17	6	-20	-49	-16	cell = 568 to 575
-18	-4	1	-24	-2	-49	-28	-11	cell = 576 to 583
-13	-23	-47	-18	-20	-36	-24	0	cell = 584 to 591
0	4	-6	12	-19	4	-30	-14	cell = 592 to 599
-30	-10	21	-34	-6	-22	0	-24	cell = 600 to 607
-21	-37	-17	-19	-10	-30	-29	-22	cell = 608 to 615
-40	-20	-20	-7	0	-56	7	-13	cell = 616 to 623
-14	-9	-40	-32	-33	-20	-24	-12	cell = 624 to 631
-8	-48	1	-25	-2	-31	13	0	cell = 632 to 639
-41	-31	-59	-17	-3	-23	-24	-22	cell = 640 to 647
-5	-34	-34	-19	-23	-37	4	34	cell = 648 to 655
20	-55	-19	-21	8	12	-15	-5	cell = 656 to 663
-46	-31	-44	16	-48	-60	-45	-30	cell = 664 to 671
20	-16	7	-37	12	-10	-11	38	cell = 672 to 679
-28	-22	16	-30	-21	-11	-7	-18	cell = 680 to 687
-12	-33	-25	-17	-12	-9	-7	-2	cell = 688 to 695
-16	2	-42	-25	-12	-29	-55	-24	cell = 696 to 703
-28	-34	-19	-44	-31	-24	35	-33	cell = 704 to 711
-13	11	-61	-27	37	-16	-5	20	cell = 712 to 719
-10	-8	-15	-16	14	5	-35	-1	cell = 720 to 727
-14	0	-38	-37	2	-50	-2	-6	cell = 728 to 735
-10	-39	-50	-3	4	10	-6	-24	cell = 736 to 743
-3	9	-2	-15	-22	-42	-48	-5	cell = 744 to 751
-22	10	10	7	-53	-36	-14	-48	cell = 752 to 759
4	-6	-10	-62	-41	-24	-14	23	cell = 760 to 767
-33	-28	-59	-21	-16	-48	-32	-28	cell = 768 to 775
-7	-30	-19	-54	-11	-17	-17	6	cell = 776 to 783
-14	12	-56	3	-42	-33	10	-6	cell = 784 to 791
-5	-38	-8	11	6	0	-50	-31	cell = 792 to 799
-3	-50	9	2	29	6	6	-41	cell = 800 to 807
-47	-8	-62	-15	38	41	-49	-7	cell = 808 to 815
-19	5	-21	-7	-70	-8	-19	-30	cell = 816 to 823
-35	-32	-3	-49	-15	-22	-30	-13	cell = 824 to 831
-5	-5	23	-4	-27	1	15	-40	cell = 832 to 839
-49	-36	-22	-19	-25	-34	0	-12	cell = 840 to 847
-18	-2	-31	-12	-28	-52	-20	-18	cell = 848 to 855
-31	-10	-18	3	-7	-40	-21	0	cell = 856 to 863
0	-32	-8	-46	-16	10	-1	-9	cell = 864 to 871
-44	-47	-18	-40	-24	-10	-42	-52	cell = 872 to 879
19	-20	-11	33	-29	-39	-40	-17	cell = 880 to 887
-23	32	-27	10	12	-37	-8	-46	cell = 888 to 895
5	-58	-28	-43	10	-3	-28	-19	cell = 896 to 903
-17	24	-17	-13	-22	0	-12	-26	cell = 904 to 911
-24	22	-23	14	9	-3	-2	-10	cell = 912 to 919
-7	-21	-31	6	-3	-6	-32	-5	cell = 920 to 927
-37	1	-20	3	-24	-23	-11	-12	cell = 928 to 935
-42	-32	-17	-35	-37	-58	-25	-13	cell = 936 to 943
12	8	-9	8	-10	2	-15	-44	cell = 944 to 951
-5	2	14	-6	-5	-63	-23	-35	cell = 952 to 959
-26	-78	-7	-44	-21	13	-6	-40	cell = 960 to 967
-32	-24	12	-35	-24	-37	-65	-39	cell = 968 to 975
-46	-24	-42	9	-57	-25	-33	-26	cell = 976 to 983
-38	-24	-79	-8	-18	17	-5	-15	cell = 984 to 991
-17	-50	-30	0	-25	-14	-48	-7	cell = 992 to 999
-45	-75	11	3	-4	-26	-39	-11	cell = 1000 to 1007
9	-20	-27	-37	-20	-21	-4	-29	cell = 1008 to 1015
-68	-25	-24	-35	-51	-19	-39	-3	cell = 1016 to 1023
Calibration values from cell 0 to 1024 for channel 1:

55	6	31	-49	66	-23	61	-6	cell = 0 to 7
2	-19	84	3	37	28	37	-18	cell = 8 to 15
47	-26	39	-1	54	-9	58	1	cell = 16 to 23
-8	-16	36	2	46	-5	45	-6	cell = 24 to 31
66	-49	32	-6	48	-30	53	-12	cell = 32 to 39
31	-13	53	-14	40	-8	70	-6	cell = 40 to 47
47	-5	73	-17	35	-36	54	0	cell = 48 to 55
23	5	77	-19	41	-5	62	-3	cell = 56 to 63
57	2	34	-47	29	-3	54	2	cell = 64 to 71
44	-16	58	-26	14	-23	27	-10	cell = 72 to 79
55	31	47	4	47	12	57	10	cell = 80 to 87
20	37	20	1	7	-26	71	-23	cell = 88 to 95
49	12	78	-1	61	-3	60	-4	cell = 96 to 103
72	-17	57	-10	48	-20	16	-15	cell = 104 to 111
47	-24	35	15	45	-4	62	-11	cell = 112 to 119
47	-39	33	-8	43	-36	29	-7	cell = 120 to 127
57	2	48	8	34	-12	50	-29	cell = 128 to 135
38	-40	79	2	22	29	18	-36	cell = 136 to 143
34	-14	39	17	37	6	41	-5	cell = 144 to 151
71	-28	64	-9	3	-20	72	-13	cell = 152 to 159
67	29	42	-9	53	1	56	-3	cell = 160 to 167
46	1	52	-31	38	-34	34	-9	cell = 168 to 175
69	-30	28	-7	63	10	39	-6	cell = 176 to 183
11	6	46	18	17	23	63	1	cell = 184 to 191
10	-31	26	-8	3	-22	22	-17	cell = 192 to 199
78	-56	41	20	51	-9	17	-12	cell = 200 to 207
30	3	27	-4	55	-17	14	-33	cell = 208 to 215
68	-3	9	17	24	-25	82	-1	cell = 216 to 223
28	-10	27	-35	56	0	53	9	cell = 224 to 231
27	-10	49	-28	54	-16	71	0	cell = 232 to 239
50	-21	59	9	47	-33	44	-10	cell = 240 to 247
61	-4	34	17	95	-1	43	14	cell = 248 to 255
45	-21	53	15	30	-14	62	-4	cell = 256 to 263
61	0	53	-8	32	-28	23	31	cell = 264 to 271
39	-22	30	-23	40	-2	-6	19	cell = 272 to 279
11	3	45	28	48	-15	39	-26	cell = 280 to 287
45	-46	73	-22	41	2	92	-1	cell = 288 to 295
72	-10	43	25	11	-2	71	-28	cell = 296 to 303
36	13	25	1	23	-1	31	-16	cell = 304 to 311
74	9	39	10	42	11	44	-28	cell = 312 to 319
53	-26	29	-27	28	8	36	-25	cell = 320 to 327
59	2	37	9	55	-2	54	18	cell = 328 to 335
37	3	49	-21	80	-52	48	-34	cell = 336 to 343
38	-5	65	-3	93	-11	53	-34	cell = 344 to 351
75	-30	40	-23	69	29	100	-10	cell = 352 to 359
46	-7	33	12	65	9	47	-22	cell = 360 to 367
46	-38	69	-13	4	-51	20	0	cell = 368 to 375
57	-10	37	6	67	8	27	8	cell = 376 to 383
33	-46	41	1	8	-18	46	-36	cell = 384 to 391
24	-20	52	8	22	32	15	-1	cell = 392 to 399
78	-36	67	-2	55	10	0	-4	cell = 400 to 407
39	-10	41	-17	30	5	29	7	cell = 408 to 415
44	-3	49	-11	70	-17	37	27	cell = 416 to 423
90	5	28	-14	39	-19	67	-11	cell = 424 to 431
39	23	62	-8	76	4	61	15	cell = 432 to 439
44	22	47	-10	32	28	45	10	cell = 440 to 447
23	20	36	-19	40	-6	42	15	cell = 448 to 455
39	-26	35	-1	-6	-27	28	-35	cell = 456 to 463
59	-34	13	-67	69	19	48	12	cell = 464 to 471
39	7	47	-44	60	49	78	-47	cell = 472 to 479
15	-36	34	14	60	-10	72	15	cell = 480 to 487
26	6	66	-26	49	12	76	-12	cell = 488 to 495
50	-9	-9	-78	-37	-116	-27	-79	cell = 496 to 503
30	30	19	-2	29	-26	40	-46	cell = 504 to 511
34	-45	-36	-20	-47	-55	-11	-4	cell = 512 to 519
-20	1	-44	-56	-49	-56	-16	-43	cell = 520 to 527
-40	-22	-56	19	-29	-24	-32	-53	cell = 528 to 535
-33	-15	-19	-11	27	-50	-6	-8	cell = 536 to 543
-5	16	-14	-36	-37	-3	-23	28	cell = 544 to 551
-9	-16	-10	-16	-41	8	-39	-23	cell = 552 to 559
-37	-23	-9	-20	15	-22	0	-17	cell = 560 to 567
-34	6	-9	-4	-6	-56	-20	-13	cell = 568 to 575
-56	-37	-13	16	8	-40	-36	-17	cell = 576 to 583
-3	-19	-27	-18	-3	-16	-27	-33	cell = 584 to 591
-25	-35	5	15	-24	-11	-8	-27	cell = 592 to 599
-34	-19	-34	5	-22	-1	-16	-23	cell = 600 to 607
-18	-12	-39	-67	-20	-16	-19	27	cell = 608 to 615
-24	-7	-2	-9	19	-11	-69	-26	cell = 616 to 623
-22	7	-9	-31	-17	-48	-60	-24	cell = 624 to 631
29	-11	-17	8	15	-21	-18	-61	cell = 632 to 639
-8	-6	-23	-73	-49	-16	-10	-18	cell = 640 to 647
4	-26	-9	-50	-19	-21	-34	-13	cell = 648 to 655
-9	-69	-57	-37	-20	3	-41	-54	cell = 656 to 663
-15	28	3	-25	-30	-21	-6	-11	cell = 664 to 671
-33	22	-22	-15	-2	58	10	-43	cell = 672 to 679
-7	-20	-31	-26	-7	14	-15	-3	cell = 680 to 687
28	-49	22	-18	-17	4	18	-26	cell = 688 to 695
5	-33	-11	-32	-29	3	-45	-56	cell = 696 to 703
-26	-29	-24	-34	-15	-26	-49	-36	cell = 704 to 711
-7	24	0	10	-11	-8	10	-47	cell = 712 to 719
-37	-37	19	-34	17	-40	18	-23	cell = 720 to 727
1	-22	22	-13	-18	-32	-40	-15	cell = 728 to 735
-24	5	-5	-85	-43	-9	-25	-55	cell = 736 to 743
6	-17	-26	4	-46	-43	-5	-2	cell = 744 to 751
11	-10	-34	13	-14	-1	2	-9	cell = 752 to 759
5	-27	-9	-50	-36	-15	2	-20	cell = 760 to 767
-25	8	31	-45	-60	-18	-22	4	cell = 768 to 775
4	-25	11	-31	-10	-18	-14	0	cell = 776 to 783
-41	-9	-39	-8	-4	-32	-22	-48	cell = 784 to 791
-56	-9	-8	-7	-5	7	-7	-42	cell = 792 to 799
-36	-46	-3	5	-8	-41	23	-18	cell = 800 to 807
-17	5	-19	6	-33	-2	15	-15	cell = 808 to 815
-11	-28	-56	-38	12	3	-11	-44	cell = 816 to 823
-24	-12	-8	-16	-45	-19	-41	35	cell = 824 to 831
-31	-1	-49	0	-24	-48	-14	-37	cell = 832 to 839
-26	-24	-35	-55	-25	-5	11	9	cell = 840 to 847
-32	-12	22	12	-55	-53	0	4	cell = 848 to 855
-30	-29	-21	-10	-9	-21	-12	-63	cell = 856 to 863
-30	-6	-19	-6	-9	9	-33	-55	cell = 864 to 871
22	-4	-48	-42	-4	-22	-44	-19	cell = 872 to 879
11	23	-12	-42	-22	-22	-48	-12	cell = 880 to 887
-36	16	-47	-2	-37	-2	-4	-43	cell = 888 to 895
4	-45	-10	0	13	7	3	-24	cell = 896 to 903
-10	-36	-3	-22	-15	-11	-24	-25	cell = 904 to 911
-9	5	2	-16	-7	-43	-35	-14	cell = 912 to 919
-21	8	-23	48	-2	-38	-39	11	cell = 920 to 927
-39	-20	-16	-16	-4	8	-30	20	cell = 928 to 935
-1	-3	-19	-23	-20	-49	-8	16	cell = 936 to 943
-12	16	-53	-34	-51	5	-33	-17	cell = 944 to 951
-49	-5	-5	-31	-3	-32	-49	-62	cell = 952 to 959
-36	9	19	-7	-26	13	-6	-20	cell = 960 to 967
-13	-49	-11	3	-2	-28	-36	-24	cell = 968 to 975
-6	-38	-26	-24	-19	-9	-14	-24	cell = 976 to 983
-27	-28	-37	3	-31	-15	-32	-41	cell = 984 to 991
-16	-7	-35	-17	-12	-18	12	-4	cell = 992 to 999
-45	-14	-61	-15	-12	-9	-81	-16	cell = 1000 to 1007
-3	2	-10	6	-27	-2	6	2	cell = 1008 to 1015
-8	-33	-47	-61	-29	-3	-22	-36	cell = 1016 to 1023
Calibration values from cell 0 to 1024 for channel 2:

-1	-30	32	-11	32	1	59	-23	cell = 0 to 7
33	-29	67	-12	25	-11	28	15	cell = 8 to 15
46	6	25	22	40	10	45	-9	cell = 16 to 23
58	29	39	-6	19	-13	22	28	cell = 24 to 31
9	19	78	-44	39	-40	61	-10	cell = 32 to 39
39	-23	73	0	56	-6	70	-6	cell = 40 to 47
31	-8	17	-18	53	-9	3	37	cell = 48 to 55
30	-37	45	-12	75	12	76	4	cell = 56 to 63
64	-19	62	4	34	-40	63	-21	cell = 64 to 71
63	1	59	-49	56	-19	50	-17	cell = 72 to 79
38	10	70	10	40	-15	28	-16	cell = 80 to 87
30	15	32	-4	42	-21	47	-18	cell = 88 to 95
60	6	53	-28	12	25	41	-30	cell = 96 to 103
13	-12	46	-3	38	-51	37	-12	cell = 104 to 111
61	-16	31	-25	23	-25	33	5	cell = 112 to 119
31	-7	42	8	10	-18	72	-24	cell = 120 to 127
77	-9	39	-33	41	-33	42	11	cell = 128 to 135
4	-30	50	-16	51	-64	18	-32	cell = 136 to 143
34	0	68	-8	56	-18	62	24	cell = 144 to 151
25	6	71	-13	71	9	26	-11	cell = 152 to 159
35	1	63	3	17	5	25	12	cell = 160 to 167
22	9	47	-13	36	19	51	-4	cell = 168 to 175
65	33	58	-34	50	5	69	-46	cell = 176 to 183
29	40	55	-1	41	24	31	-41	cell = 184 to 191
57	-33	52	-10	10	-8	41	9	cell = 192 to 199
35	-16	32	-26	56	-21	73	-20	cell = 200 to 207
54	-17	50	-9	45	6	51	-16	cell = 208 to 215
59	3	44	-31	34	10	12	-17	cell = 216 to 223
43	16	62	5	31	-4	36	-22	cell = 224 to 231
52	-44	44	-18	22	21	58	-5	cell = 232 to 239
44	-36	34	-26	34	-3	34	-15	cell = 240 to 247
49	28	31	-20	64	-6	33	-38	cell = 248 to 255
50	-15	49	-15	37	-10	43	2	cell = 256 to 263
13	2	73	-15	74	-17	45	0	cell = 264 to 271
58	-4	107	-35	56	-7	5	-14	cell = 272 to 279
51	-32	68	-5	17	-42	43	19	cell = 280 to 287
85	1	31	0	77	8	44	-1	cell = 288 to 295
33	18	55	4	69	-1	31	-7	cell = 296 to 303
40	5	63	6	2	-2	42	1	cell = 304 to 311
57	-4	42	12	34	-10	29	39	cell = 312 to 319
24	-49	52	-23	46	1	27	63	cell = 320 to 327
26	15	63	23	48	-11	75	-37	cell = 328 to 335
71	-15	36	0	59	-9	30	-12	cell = 336 to 343
19	9	49	14	26	-22	44	11	cell = 344 to 351
56	-23	72	15	11	19	36	12	cell = 352 to 359
66	-3	82	-12	103	17	57	-10	cell = 360 to 367
64	12	84	-17	83	-32	40	-37	cell = 368 to 375
19	7	67	29	84	-9	36	-7	cell = 376 to 383
59	5	39	16	13	3	23	-12	cell = 384 to 391
81	14	67	-31	97	-38	36	-25	cell = 392 to 399
25	-4	68	-11	61	24	45	-7	cell = 400 to 407
60	-11	61	-30	42	-12	44	-18	cell = 408 to 415
57	-24	15	-26	44	-10	61	-12	cell = 416 to 423
11	18	17	-2	31	7	46	-1	cell = 424 to 431
38	7	41	-5	6	14	56	-14	cell = 432 to 439
22	-11	60	-16	54	11	70	7	cell = 440 to 447
77	20	39	-54	51	-15	29	-18	cell = 448 to 455
25	-11	38	-6	63	0	49	-20	cell = 456 to 463
73	-15	33	31	21	-42	16	-25	cell = 464 to 471
57	-15	23	7	58	-26	44	-25	cell = 472 to 479
53	-64	5	-6	76	-27	44	-42	cell = 480 to 487
41	-12	34	-23	44	7	32	5	cell = 488 to 495
44	-18	-18	-55	-49	-91	-24	-83	cell = 496 to 503
54	6	34	-49	73	-42	2	-33	cell = 504 to 511
-21	16	0	-13	-36	-13	-44	7	cell = 512 to 519
-62	-63	-15	-31	-12	28	-26	23	cell = 520 to 527
9	-86	-27	16	-15	26	-34	-36	cell = 528 to 535
-29	-46	-18	8	-25	-34	-31	-18	cell = 536 to 543
-60	13	-35	-53	1	-6	-31	-16	cell = 544 to 551
-20	-18	-42	3	-71	-18	-11	-12	cell = 552 to 559
-46	-29	-47	29	-11	-25	-12	-23	cell = 560 to 567
-36	21	7	-46	-16	-14	-52	-74	cell = 568 to 575
-20	-36	2	-27	-23	-50	-28	-13	cell = 576 to 583
1	-26	-26	4	-57	-54	-34	-18	cell = 584 to 591
-18	-8	-4	-24	-45	4	-39	12	cell = 592 to 599
-12	-9	-29	-30	20	5	-16	-33	cell = 600 to 607
-35	-29	-38	-59	-7	-20	-43	7	cell = 608 to 615
-2	2	-13	-30	-41	-25	12	-25	cell = 616 to 623
-6	-24	-12	-31	-43	-27	1	-41	cell = 624 to 631
9	-13	-15	0	19	33	-53	15	cell = 632 to 639
-50	2	-13	-1	-50	13	25	-28	cell = 640 to 647
-64	-31	8	-22	-18	-3	9	-9	cell = 648 to 655
8	-42	-45	-17	7	-53	-45	-1	cell = 656 to 663
-20	-3	-36	-23	-10	4	-42	0	cell = 664 to 671
-25	-22	-33	-46	-10	-16	-18	-6	cell = 672 to 679
-11	-12	-9	-13	18	-36	0	13	cell = 680 to 687
-50	-19	-10	-48	-7	-49	-36	-28	cell = 688 to 695
0	-36	19	-38	-14	-29	15	-14	cell = 696 to 703
-19	-17	26	-40	-40	20	-38	-5	cell = 704 to 711
-26	-31	-11	-17	-1	0	-4	-15	cell = 712 to 719
-51	-39	-42	-15	34	-19	35	-61	cell = 720 to 727
-12	24	-35	-51	5	-35	3	-24	cell = 728 to 735
-9	3	-44	-13	21	17	3	-43	cell = 736 to 743
-37	-12	-21	0	-15	-32	-27	11	cell = 744 to 751
-3	-6	-17	-3	-5	-17	-26	-34	cell = 752 to 759
-20	-6	-5	-49	0	-32	-36	-9	cell = 760 to 767
-13	-30	-29	-34	6	7	-27	-29	cell = 768 to 775
-27	18	17	-35	2	-54	-30	-25	cell = 776 to 783
-11	5	-30	-32	11	-32	-54	25	cell = 784 to 791
-19	-52	-13	2	-17	-38	-18	16	cell = 792 to 799
-38	-55	-26	15	-12	-15	-13	4	cell = 800 to 807
-9	-16	-15	-8	-2	-27	-36	-11	cell = 808 to 815
-65	-14	-16	-28	-45	-14	-49	1	cell = 816 to 823
-38	-20	5	-20	8	17	12	0	cell = 824 to 831
-34	7	-8	-37	-3	-5	-8	-19	cell = 832 to 839
-12	-19	17	-25	-61	-48	-18	-30	cell = 840 to 847
26	-49	-32	5	-14	13	-22	14	cell = 848 to 855
-11	-29	-29	16	-30	-12	19	-10	cell = 856 to 863
-19	-26	-38	-14	3	-24	-14	0	cell = 864 to 871
-30	0	-32	-56	13	-1	-23	-17	cell = 872 to 879
-12	-23	-30	19	-36	12	-28	-18	cell = 880 to 887
0	-12	-8	-44	-30	-9	23	-68	cell = 888 to 895
-18	4	-30	-37	-2	-31	-50	-11	cell = 896 to 903
-12	-40	-4	-1	-24	-75	-18	9	cell = 904 to 911
-12	-26	-39	-22	15	-5	-12	-43	cell = 912 to 919
-62	-12	-13	-10	-34	29	-12	12	cell = 920 to 927
-13	-38	-56	-8	3	-8	-30	-15	cell = 928 to 935
-20	-3	-41	24	-14	-37	2	-9	cell = 936 to 943
2	-9	18	-10	13	-33	-41	-29	cell = 944 to 951
1	-36	-16	-22	2	-20	-17	-24	cell = 952 to 959
-35	-9	-24	-18	-18	-2	0	0	cell = 960 to 967
-19	-23	-4	-28	-14	-9	-13	20	cell = 968 to 975
-15	-24	-4	-11	-15	14	0	-25	cell = 976 to 983
-10	-7	-13	-61	40	-15	-63	19	cell = 984 to 991
-12	-15	-22	-25	-32	-19	-18	-50	cell = 992 to 999
-26	-23	-33	-29	-24	-18	-23	5	cell = 1000 to 1007
-56	-46	-40	-61	-44	-22	-58	-17	cell = 1008 to 1015
1	-38	-21	-50	-40	-51	-16	-8	cell = 1016 to 1023
Calibration values from cell 0 to 1024 for channel 3:

52	-35	28	-7	13	-34	57	-24	cell = 0 to 7
56	11	21	-27	61	-34	101	13	cell = 8 to 15
52	-19	14	-61	59	-8	87	-13	cell = 16 to 23
40	1	16	-28	10	-27	19	-18	cell = 24 to 31
16	-3	-9	-15	70	5	32	-17	cell = 32 to 39
34	41	69	-23	17	-15	40	-18	cell = 40 to 47
33	7	29	5	47	-22	48	-46	cell = 48 to 55
48	-22	52	4	39	-8	52	8	cell = 56 to 63
31	6	6	6	13	-45	26	-1	cell = 64 to 71
46	-8	11	-34	34	4	42	9	cell = 72 to 79
71	-6	35	6	51	-10	58	-23	cell = 80 to 87
60	3	62	-43	12	16	18	-60	cell = 88 to 95
40	-37	57	4	59	-5	18	21	cell = 96 to 103
40	-43	38	-9	51	-1	74	0	cell = 104 to 111
60	-23	21	14	45	-28	59	38	cell = 112 to 119
48	-16	45	15	40	4	23	-36	cell = 120 to 127
38	6	46	-23	94	-18	48	-28	cell = 128 to 135
51	23	12	-2	64	0	47	1	cell = 136 to 143
19	2	74	-54	60	-29	28	21	cell = 144 to 151
46	-5	102	6	55	-32	14	13	cell = 152 to 159
42	12	35	11	25	-19	34	-9	cell = 160 to 167
67	24	37	5	29	12	49	1	cell = 168 to 175
35	42	22	-33	49	21	54	19	cell = 176 to 183
51	-29	22	3	44	24	33	0	cell = 184 to 191
100	-17	59	-11	42	-14	27	-9	cell = 192 to 199
38	5	47	17	17	-3	79	-15	cell = 200 to 207
18	-17	44	1	68	-18	33	-20	cell = 208 to 215
39	13	69	-9	60	-24	41	20	cell = 216 to 223
59	-36	28	10	46	12	78	-6	cell = 224 to 231
47	-32	63	10	74	2	59	5	cell = 232 to 239
60	0	32	8	29	20	65	-2	cell = 240 to 247
67	-11	79	-16	71	9	36	13	cell = 248 to 255
35	-18	60	-16	36	-31	15	-5	cell = 256 to 263
26	23	7	-35	61	16	40	-24	cell = 264 to 271
34	31	37	-19	27	-37	69	-7	cell = 272 to 279
97	-35	35	-46	31	-6	38	-11	cell = 280 to 287
40	-34	57	11	77	-5	25	-5	cell = 288 to 295
33	-12	36	-24	0	-11	80	-32	cell = 296 to 303
56	8	64	-13	88	1	39	-17	cell = 304 to 311
64	3	62	26	27	14	25	-11	cell = 312 to 319
70	-33	8	-2	59	6	90	-51	cell = 320 to 327
72	-26	41	1	65	-14	68	-6	cell = 328 to 335
34	-23	59	-28	77	-21	57	11	cell = 336 to 343
77	-11	54	-4	22	-5	30	-6	cell = 344 to 351
63	-45	5	-50	80	-40	47	-49	cell = 352 to 359
55	27	43	-47	15	1	8	-6	cell = 360 to 367
49	3	38	-39	23	16	67	-17	cell = 368 to 375
57	0	43	14	51	-19	24	3	cell = 376 to 383
34	-51	-5	16	59	2	19	-2	cell = 384 to 391
63	-4	53	15	66	13	75	-17	cell = 392 to 399
50	-15	35	-24	56	-6	15	-8	cell = 400 to 407
75	-6	50	-9	13	30	82	-25	cell = 408 to 415
31	31	39	-2	62	-24	89	-33	cell = 416 to 423
45	-2	22	-51	31	-1	20	-7	cell = 424 to 431
25	-9	68	23	63	2	84	-10	cell = 432 to 439
37	-30	91	-6	37	7	76	-3	cell = 440 to 447
39	17	20	-5	35	-15	4	0	cell = 448 to 455
41	-19	46	-18	40	-4	64	-25	cell = 456 to 463
52	22	52	-18	48	-20	47	23	cell = 464 to 471
60	-3	57	-14	78	-25	10	1	cell = 472 to 479
21	-11	35	-20	44	0	42	9	cell = 480 to 487
63	-16	10	13	65	-16	43	22	cell = 488 to 495
32	-14	-23	-108	-44	-89	22	-87	cell = 496 to 503
21	20	7	15	67	-16	6	-43	cell = 504 to 511
-24	-5	-4	-51	10	-17	-39	-14	cell = 512 to 519
-14	-34	21	-38	-21	7	-21	-28	cell = 520 to 527
-42	-34	-24	-33	-29	-21	-28	-5	cell = 528 to 535
32	-38	-25	0	-17	-28	-18	7	cell = 536 to 543
-29	-36	-16	-10	-2	-24	-7	12	cell = 544 to 551
-7	-32	0	-4	-23	-5	-16	-16	cell = 552 to 559
4	-10	13	32	-42	-52	0	-28	cell = 560 to 567
-28	-6	-27	-37	-26	-66	-30	4	cell = 568 to 575
-21	-24	11	16	-40	-18	-8	-54	cell = 576 to 583
5	11	-36	-21	-30	17	-17	-3	cell = 584 to 591
-25	-38	-17	-2	-34	16	-30	-31	cell = 592 to 599
-14	-24	-3	-26	-31	-11	-19	7	cell = 600 to 607
-28	-21	7	-38	-20	-3	-1	-18	cell = 608 to 615
-13	-18	6	50	7	-15	-45	-51	cell = 616 to 623
-46	-32	4	-9	-25	5	-6	-28	cell = 624 to 631
-12	-20	-41	-5	-2	7	-15	-7	cell = 632 to 639
-32	1	-6	31	-48	-27	-9	-6	cell = 640 to 647
4	-37	-31	-48	-44	-44	14	-7	cell = 648 to 655
3	13	-21	-35	-49	9	10	-16	cell = 656 to 663
14	34	-44	-41	-35	-40	-17	-24	cell = 664 to 671
-6	19	-59	-8	-41	-21	20	-20	cell = 672 to 679
19	7	-21	-42	-37	17	-7	18	cell = 680 to 687
4	3	-20	-36	-15	-1	-34	-24	cell = 688 to 695
-3	-21	-34	-11	-35	-28	-63	-16	cell = 696 to 703
-50	-11	-29	-52	-42	-10	-20	29	cell = 704 to 711
11	-27	-19	-22	32	-29	-27	-40	cell = 712 to 719
5	7	-44	-14	-47	-59	-32	-57	cell = 720 to 727
-31	7	-39	-23	-53	-30	-34	-26	cell = 728 to 735
-24	-47	-3	-22	0	-3	6	-5	cell = 736 to 743
17	-11	0	-1	4	-19	-40	-46	cell = 744 to 751
-24	5	-21	-38	-3	-19	5	-48	cell = 752 to 759
5	-39	1	-30	-43	-23	-20	-39	cell = 760 to 767
0	2	-31	-16	-16	-34	2	-22	cell = 768 to 775
-37	3	-53	-63	2	-32	-8	-14	cell = 776 to 783
-14	-33	0	-16	5	-33	43	-13	cell = 784 to 791
7	-19	-61	-4	5	-12	2	1	cell = 792 to 799
-35	-17	-31	-38	-4	-10	-14	-16	cell = 800 to 807
15	-10	-36	-5	-43	11	-9	-3	cell = 808 to 815
-60	-15	-37	-23	-18	7	-46	-31	cell = 816 to 823
-20	-3	-36	7	-36	21	-18	3	cell = 824 to 831
-4	-20	-10	3	-25	-3	5	-14	cell = 832 to 839
-2	-5	3	-16	4	14	-7	-21	cell = 840 to 847
-6	2	-28	-28	-34	7	-9	-32	cell = 848 to 855
-22	-15	52	-44	-45	14	-17	-17	cell = 856 to 863
-10	-26	14	-13	-41	-16	-46	-29	cell = 864 to 871
0	-32	-37	-45	-8	-24	-29	0	cell = 872 to 879
-9	-39	-45	-47	-16	-14	-9	-51	cell = 880 to 887
14	-23	-34	-21	4	5	-15	-2	cell = 888 to 895
-38	-25	-54	-17	-37	22	-22	-21	cell = 896 to 903
3	-13	-10	17	-2	-44	-18	-12	cell = 904 to 911
-28	13	-10	-8	-1	-41	-17	4	cell = 912 to 919
1	-32	15	-13	-22	-45	-23	-31	cell = 920 to 927
-8	-19	-26	-53	-19	25	-28	22	cell = 928 to 935
-13	-56	-9	0	-16	-40	-29	-25	cell = 936 to 943
-54	-42	-30	16	13	-27	-61	-51	cell = 944 to 951
-3	-42	-41	0	-60	-37	4	-7	cell = 952 to 959
-23	-71	-15	-37	-33	-19	8	-28	cell = 960 to 967
-4	-27	19	4	-5	-1	3	15	cell = 968 to 975
-39	-40	-30	-48	-56	-26	-40	-31	cell = 976 to 983
-7	-42	-9	21	-8	-3	-19	-20	cell = 984 to 991
-15	-9	-13	-61	2	-39	-51	-52	cell = 992 to 999
8	-23	-27	-38	-15	-41	-17	-6	cell = 1000 to 1007
-55	-14	-65	-63	-20	4	-44	-63	cell = 1008 to 1015
4	-48	-28	-8	1	-44	8	-27	cell = 1016 to 1023
Calibration values from cell 0 to 1024 for channel 4:

-7	-18	24	-28	5	-36	32	29	cell = 0 to 7
73	-22	-1	-1	-4	-48	33	-14	cell = 8 to 15
55	2	55	-24	45	-10	41	-25	cell = 16 to 23
31	-25	30	-10	34	-53	58	-24	cell = 24 to 31
62	12	43	24	66	-10	77	-11	cell = 32 to 39
80	0	66	1	44	-12	35	16	cell = 40 to 47
53	17	33	-17	48	-19	82	-20	cell = 48 to 55
83	0	62	4	5	10	52	-39	cell = 56 to 63
74	-8	28	-10	42	-36	62	1	cell = 64 to 71
33	43	71	12	48	21	57	7	cell = 72 to 79
38	-21	54	-11	25	35	25	-20	cell = 80 to 87
41	-23	58	15	73	-42	8	4	cell = 88 to 95
44	-17	43	-53	5	-17	42	-3	cell = 96 to 103
55	0	60	-31	20	12	41	-30	cell = 104 to 111
42	14	77	-34	46	-12	26	-3	cell = 112 to 119
37	22	41	-1	54	32	41	4	cell = 120 to 127
33	9	29	4	41	-29	17	-20	cell = 128 to 135
27	6	63	0	39	-20	56	-36	cell = 136 to 143
62	-13	11	-7	28	0	95	-40	cell = 144 to 151
68	-17	22	14	96	-35	22	-13	cell = 152 to 159
30	-10	69	26	48	-23	67	6	cell = 160 to 167
45	6	68	17	44	38	32	22	cell = 168 to 175
44	-10	31	-27	65	-3	27	-23	cell = 176 to 183
85	7	35	-17	29	-29	46	-17	cell = 184 to 191
45	-12	49	-19	58	-45	53	-8	cell = 192 to 199
29	-12	49	-17	94	-7	70	-9	cell = 200 to 207
52	-5	51	12	84	-44	74	27	cell = 208 to 215
66	4	19	-34	86	-28	65	6	cell = 216 to 223
35	-37	32	-37	47	15	62	7	cell = 224 to 231
33	10	45	-6	52	13	50	10	cell = 232 to 239
45	-26	51	-22	31	24	21	18	cell = 240 to 247
52	-28	44	3	61	-5	48	-33	cell = 248 to 255
31	44	38	-27	59	13	44	-58	cell = 256 to 263
60	-52	75	-2	55	9	64	-3	cell = 264 to 271
44	1	4	24	64	35	43	-13	cell = 272 to 279
64	0	30	1	42	-7	51	-24	cell = 280 to 287
27	-4	57	5	82	1	65	-3	cell = 288 to 295
47	38	42	-28	38	-45	90	-8	cell = 296 to 303
44	-24	61	-19	42	-29	39	-5	cell = 304 to 311
45	-8	48	31	52	4	33	-14	cell = 312 to 319
21	5	27	8	26	25	48	-30	cell = 320 to 327
42	-24	65	0	52	29	37	-8	cell = 328 to 335
25	2	49	-20	15	-6	46	1	cell = 336 to 343
57	-12	29	-27	33	-13	29	-11	cell = 344 to 351
17	-17	50	2	17	-18	36	20	cell = 352 to 359
49	8	48	-11	74	-33	25	4	cell = 360 to 367
-2	-14	54	-30	61	10	68	-14	cell = 368 to 375
62	-2	54	-6	36	13	62	-40	cell = 376 to 383
34	9	41	15	5	-8	53	-11	cell = 384 to 391
70	-27	23	22	54	-3	28	17	cell = 392 to 399
30	14	19	-9	22	0	64	-5	cell = 400 to 407
95	-24	54	9	41	-22	27	-37	cell = 408 to 415
62	-24	55	-34	54	-26	49	5	cell = 416 to 423
25	-17	30	-3	38	14	31	-3	cell = 424 to 431
58	-12	33	-21	43	-19	32	17	cell = 432 to 439
16	-10	35	0	61	-2	25	1	cell = 440 to 447
41	-5	46	-10	31	-1	31	-32	cell = 448 to 455
44	-15	52	-16	56	-27	72	5	cell = 456 to 463
40	-3	67	3	61	-24	50	-6	cell = 464 to 471
50	-27	31	-17	27	-5	5	-24	cell = 472 to 479
38	-20	80	6	51	-41	42	-20	cell = 480 to 487
4	-14	62	7	-5	-26	59	4	cell = 488 to 495
76	3	-14	-103	-35	-72	-4	-43	cell = 496 to 503
53	9	6	-7	40	-23	56	-20	cell = 504 to 511
0	-67	-28	-53	-17	-44	1	-45	cell = 512 to 519
-46	-26	-52	19	-30	-34	-38	-16	cell = 520 to 527
-14	-28	-36	-30	-39	-48	-6	-40	cell = 528 to 535
-4	-11	-17	9	0	-19	-39	-11	cell = 536 to 543
3	-10	0	-31	-23	-17	-33	-29	cell = 544 to 551
-14	-33	0	0	-15	-13	-64	-6	cell = 552 to 559
-22	3	18	-9	-28	-11	7	-10	cell = 560 to 567
-25	-13	-13	-44	-61	-21	-26	-12	cell = 568 to 575
-34	-26	7	-26	-28	-18	-15	-14	cell = 576 to 583
-36	-45	20	-15	-24	-47	0	-8	cell = 584 to 591
-30	-7	-27	-8	5	-36	-68	-11	cell = 592 to 599
-7	-27	-11	-43	-19	-52	-16	-4	cell = 600 to 607
23	4	-15	-19	-26	-64	-12	-27	cell = 608 to 615
-13	3	-35	-4	11	-2	2	-42	cell = 616 to 623
-25	-12	-15	9	-42	-39	-52	5	cell = 624 to 631
-28	-16	16	-32	-32	-12	-53	-30	cell = 632 to 639
0	11	-29	5	-14	-3	-48	-6	cell = 640 to 647
-18	-18	-6	-27	-13	-26	-23	3	cell = 648 to 655
-24	-42	10	-42	-25	-24	-11	-57	cell = 656 to 663
-30	-19	-44	-12	-7	-6	-53	-18	cell = 664 to 671
-4	-29	-5	-5	-28	0	-56	6	cell = 672 to 679
-14	-15	-5	-13	-41	26	4	-3	cell = 680 to 687
-16	0	31	-25	11	-43	-19	-26	cell = 688 to 695
-13	-27	-7	-30	-48	-29	-12	-34	cell = 696 to 703
-6	-31	-36	-22	19	-32	-3	-49	cell = 704 to 711
-37	-25	-21	-19	17	-61	-19	-12	cell = 712 to 719
-51	-12	52	-5	-32	0	0	-8	cell = 720 to 727
-53	-7	-39	-39	-22	28	-36	-3	cell = 728 to 735
10	5	-31	-38	-43	-19	-4	6	cell = 736 to 743
-10	-27	-1	-35	-22	-35	2	-14	cell = 744 to 751
-15	-11	-33	-30	-35	-2	-10	-17	cell = 752 to 759
1	15	-16	-32	-27	-13	17	18	cell = 760 to 767
-9	-45	-55	-17	-36	9	-17	-11	cell = 768 to 775
-3	0	-27	-13	24	-10	-8	6	cell = 776 to 783
-41	-41	-36	-39	-14	-14	-8	-10	cell = 784 to 791
-36	-55	24	-29	-9	-12	-52	-40	cell = 792 to 799
-2	-7	-9	-2	-29	14	-23	-21	cell = 800 to 807
-4	-18	6	8	-60	-19	0	-3	cell = 808 to 815
-25	-13	-15	-34	7	-8	-17	3	cell = 816 to 823
-26	16	-15	14	24	-37	-40	19	cell = 824 to 831
-23	-36	-17	-11	-34	-20	-6	-4	cell = 832 to 839
5	3	-10	5	30	-20	-27	-106	cell = 840 to 847
-12	-22	-64	-17	-12	-23	-11	-76	cell = 848 to 855
16	-17	-19	-11	-33	-5	6	-34	cell = 856 to 863
-33	18	-70	-14	17	16	7	-34	cell = 864 to 871
-51	-55	-36	-35	3	-22	-7	7	cell = 872 to 879
22	-11	-16	-13	0	-22	-23	2	cell = 880 to 887
-27	-30	-5	-20	11	-32	-39	-50	cell = 888 to 895
-12	-17	4	-18	14	-67	-51	-41	cell = 896 to 903
-41	-43	-23	-7	26	-41	-22	-1	cell = 904 to 911
-23	3	-26	-20	-35	-3	12	-44	cell = 912 to 919
5	-28	-27	22	16	24	-12	-23	cell = 920 to 927
2	-32	-6	-24	-3	-16	-36	-1	cell = 928 to 935
-3	-5	-21	-62	-9	-43	-14	1	cell = 936 to 943
-8	-10	-18	-10	19	-43	2	8	cell = 944 to 951
-30	-28	-19	-32	-49	4	-25	-30	cell = 952 to 959
3	-21	-23	6	-17	-32	-38	-1	cell = 960 to 967
-15	17	-11	-70	-13	12	-31	-24	cell = 968 to 975
-19	-51	-28	-24	0	-29	3	-3	cell = 976 to 983
-20	-24	-19	-48	-34	-42	-29	-27	cell = 984 to 991
-22	-59	-71	-39	-9	-12	-15	-49	cell = 992 to 999
-1	-2	-9	-35	13	-11	-6	-54	cell = 1000 to 1007
-33	-31	-60	-31	-8	-51	-44	-33	cell = 1008 to 1015
-11	-21	-28	-5	-19	-32	-24	-2	cell = 1016 to 1023
Calibration values from cell 0 to 1024 for channel 5:

20	4	32	-39	59	7	30	-2	cell = 0 to 7
39	-27	29	-22	16	-18	23	-12	cell = 8 to 15
49	-2	66	-11	39	-54	41	13	cell = 16 to 23
52	5	36	-10	55	-63	25	17	cell = 24 to 31
65	-16	80	-14	15	6	71	-14	cell = 32 to 39
45	18	69	-3	52	1	31	-38	cell = 40 to 47
35	-32	65	-31	30	14	69	35	cell = 48 to 55
4	-47	36	-12	58	-30	29	-44	cell = 56 to 63
51	-27	62	-48	37	-6	65	12	cell = 64 to 71
40	-14	27	-14	40	9	33	-2	cell = 72 to 79
24	26	22	6	50	-50	41	12	cell = 80 to 87
64	-19	26	-40	70	-13	60	-17	cell = 88 to 95
46	-23	55	-17	24	-18	66	-31	cell = 96 to 103
50	4	64	35	61	17	40	-4	cell = 104 to 111
37	-7	67	-5	44	-15	45	-23	cell = 112 to 119
41	4	43	-16	41	3	50	-12	cell = 120 to 127
51	-18	63	-15	51	13	67	-39	cell = 128 to 135
38	-27	80	-15	28	-12	52	-8	cell = 136 to 143
67	2	61	-22	113	4	54	0	cell = 144 to 151
57	-19	66	8	40	-31	45	-27	cell = 152 to 159
57	-1	21	-27	76	-13	79	11	cell = 160 to 167
23	31	47	-41	37	-23	33	-20	cell = 168 to 175
65	27	66	-39	43	5	34	5	cell = 176 to 183
31	26	32	5	11	27	43	-31	cell = 184 to 191
53	25	50	25	31	14	0	-21	cell = 192 to 199
13	11	16	15	27	-28	47	-36	cell = 200 to 207
50	1	22	13	27	-7	46	6	cell = 208 to 215
32	-20	77	-17	28	17	27	-32	cell = 216 to 223
42	9	31	10	39	6	80	32	cell = 224 to 231
76	-24	42	19	41	-48	74	0	cell = 232 to 239
38	14	65	-2	82	-9	35	-33	cell = 240 to 247
53	5	25	-20	52	20	42	-34	cell = 248 to 255
68	5	20	-33	41	-13	58	-3	cell = 256 to 263
82	7	25	-4	51	-19	39	-18	cell = 264 to 271
53	-15	18	-42	35	-1	81	-2	cell = 272 to 279
65	22	49	0	30	-10	63	-5	cell = 280 to 287
13	46	23	-30	49	-35	51	0	cell = 288 to 295
48	10	32	-5	8	15	57	-2	cell = 296 to 303
51	1	56	-25	46	-5	49	-20	cell = 304 to 311
61	-14	51	-37	53	0	45	-29	cell = 312 to 319
43	-34	13	5	24	-8	34	15	cell = 320 to 327
29	18	32	1	24	-7	38	-5	cell = 328 to 335
1	-18	39	-55	55	-18	46	-16	cell = 336 to 343
34	-2	35	3	29	-3	54	-6	cell = 344 to 351
35	-19	40	-3	57	-10	28	-3	cell = 352 to 359
17	-8	47	-24	16	-7	60	28	cell = 360 to 367
59	-8	19	-17	35	-5	37	-20	cell = 368 to 375
37	-9	59	20	23	4	55	16	cell = 376 to 383
38	-8	14	-32	55	11	28	16	cell = 384 to 391
89	-37	48	-14	50	-8	39	-14	cell = 392 to 399
25	8	30	18	56	-17	55	-9	cell = 400 to 407
53	14	50	-28	72	-15	42	-15	cell = 408 to 415
56	1	44	-17	37	25	80	13	cell = 416 to 423
28	26	46	17	40	13	53	-6	cell = 424 to 431
-17	-21	75	-47	55	6	77	-21	cell = 432 to 439
34	-21	65	-27	53	-28	43	-50	cell = 440 to 447
44	0	50	-22	63	-1	36	-35	cell = 448 to 455
51	-16	47	-9	73	25	45	-3	cell = 456 to 463
12	-18	44	-47	32	-2	51	-4	cell = 464 to 471
17	3	93	14	47	-33	27	1	cell = 472 to 479
27	-4	30	-24	25	-5	20	9	cell = 480 to 487
39	-30	37	-7	26	-4	53	-25	cell = 488 to 495
18	34	-20	-103	-34	-52	-23	-72	cell = 496 to 503
62	11	31	-24	43	-7	36	-36	cell = 504 to 511
-35	-11	-58	-25	-33	10	-46	13	cell = 512 to 519
-15	-47	11	0	-27	9	-64	-16	cell = 520 to 527
-36	-14	-5	-36	-31	-5	-12	-42	cell = 528 to 535
-19	-9	-35	-20	-3	-22	-9	-16	cell = 536 to 543
2	-20	-57	-5	-30	-16	-23	-4	cell = 544 to 551
-31	-10	-20	9	-39	0	-15	-25	cell = 552 to 559
-23	-23	-12	-29	-27	-31	-1	0	cell = 560 to 567
12	-55	-5	-47	-17	-8	-28	-8	cell = 568 to 575
-41	-17	-25	-73	-3	-40	-31	-6	cell = 576 to 583
-15	18	0	-6	-60	-38	-6	-24	cell = 584 to 591
-5	-10	3	3	4	-22	20	-1	cell = 592 to 599
-27	-28	-22	-27	20	-46	-5	-39	cell = 600 to 607
-25	-40	-14	-11	-42	-35	-17	-30	cell = 608 to 615
-26	-31	2	-28	6	6	-21	19	cell = 616 to 623
-4	-11	11	-30	-19	-29	-47	-10	cell = 624 to 631
-6	-31	-35	18	-2	-16	-22	-12	cell = 632 to 639
1	-24	-39	-38	-8	-27	-22	-48	cell = 640 to 647
-42	-10	-32	4	-5	-38	-1	-25	cell = 648 to 655
1	-36	-67	-28	-39	-20	0	-20	cell = 656 to 663
-49	1	13	-30	-9	-11	16	-30	cell = 664 to 671
-17	-41	-30	-21	28	-33	-30	0	cell = 672 to 679
-41	-4	-24	-32	20	-12	17	-6	cell = 680 to 687
-20	6	-6	-27	-18	-20	-11	-48	cell = 688 to 695
0	-46	-41	-22	-17	-19	-27	-24	cell = 696 to 703
-19	-8	-2	5	-41	-21	-51	-12	cell = 704 to 711
-4	24	-17	-28	-24	-24	-17	-9	cell = 712 to 719
-22	-25	-51	3	14	-5	-47	-23	cell = 720 to 727
-37	-10	-15	-27	-37	-19	-11	8	cell = 728 to 735
-10	-48	-38	-32	-8	-32	-20	-58	cell = 736 to 743
0	-16	1	-21	-24	-20	-2	-21	cell = 744 to 751
-39	-11	-29	5	-27	-26	0	-22	cell = 752 to 759
-23	18	-16	-3	2	-17	-46	-11	cell = 760 to 767
-59	-19	2	-31	-7	28	3	-24	cell = 768 to 775
-35	-35	-50	-12	-15	-39	-62	-52	cell = 776 to 783
-28	-15	-26	-20	-33	-26	-2	-52	cell = 784 to 791
-3	-29	9	-23	17	-29	6	10	cell = 792 to 799
-50	-20	-23	-43	-38	-14	-25	-18	cell = 800 to 807
-6	-14	-5	-10	-25	-32	-16	-6	cell = 808 to 815
-23	-30	-26	-52	14	-36	-26	12	cell = 816 to 823
-7	15	-58	-15	-59	23	-13	32	cell = 824 to 831
-24	-6	-37	7	-13	-16	-20	-34	cell = 832 to 839
-18	-30	14	10	-48	-48	-15	-28	cell = 840 to 847
-4	-49	-1	-15	-9	-10	-35	9	cell = 848 to 855
-18	-34	-13	20	-4	-10	-2	-27	cell = 856 to 863
-19	-22	-5	-23	-29	-2	-16	-9	cell = 864 to 871
4	-37	-19	-25	-29	-31	-1	-35	cell = 872 to 879
25	-25	14	-8	-14	-21	-4	-4	cell = 880 to 887
6	16	-38	-30	-15	0	11	-1	cell = 888 to 895
-19	-32	2	-30	-25	-50	6	-31	cell = 896 to 903
-9	17	-9	-36	7	31	-12	0	cell = 904 to 911
6	-39	-65	-13	8	-23	51	-6	cell = 912 to 919
39	18	-6	-2	12	0	-27	-15	cell = 920 to 927
-46	-23	-14	-21	29	-21	2	-33	cell = 928 to 935
-25	-7	-11	-14	-33	-26	-9	-63	cell = 936 to 943
8	-14	-25	-24	-27	-11	-28	-17	cell = 944 to 951
-9	-64	-17	-43	0	-21	12	-47	cell = 952 to 959
-18	-18	-12	-49	-41	-5	-5	-38	cell = 960 to 967
-9	-30	13	-39	9	-6	-41	-27	cell = 968 to 975
22	-42	9	-36	1	-25	-24	-17	cell = 976 to 983
3	-5	-25	-15	-16	-32	-7	19	cell = 984 to 991
-6	15	-7	-31	-8	-21	-20	-37	cell = 992 to 999
-11	-6	-16	-6	9	-49	-37	-21	cell = 1000 to 1007
1	1	-38	-37	-23	-26	-25	-5	cell = 1008 to 1015
-45	-19	-22	-27	-9	-32	-31	-50	cell = 1016 to 1023
Calibration values from cell 0 to 1024 for channel 6:

33	-14	54	-32	18	-54	24	-18	cell = 0 to 7
33	1	32	-1	44	9	39	7	cell = 8 to 15
36	6	20	-22	14	-17	40	-32	cell = 16 to 23
33	-1	39	13	10	-21	24	-44	cell = 24 to 31
60	-15	31	21	22	-18	27	-33	cell = 32 to 39
25	17	31	-25	53	-28	37	8	cell = 40 to 47
27	-38	84	-31	80	-24	57	-17	cell = 48 to 55
34	9	43	-7	37	-20	18	-9	cell = 56 to 63
12	-22	32	-6	40	4	65	-56	cell = 64 to 71
63	4	74	-29	30	-13	32	-2	cell = 72 to 79
89	-29	54	37	62	32	46	-42	cell = 80 to 87
48	4	52	-42	26	26	55	21	cell = 88 to 95
33	21	58	-10	59	22	73	-9	cell = 96 to 103
49	-10	55	-34	41	-19	18	-12	cell = 104 to 111
74	-25	56	13	11	-41	47	-8	cell = 112 to 119
42	-5	63	18	45	5	49	-42	cell = 120 to 127
63	-4	16	-42	46	-17	45	-13	cell = 128 to 135
45	39	91	-20	46	5	49	4	cell = 136 to 143
11	-18	46	-17	89	-2	27	11	cell = 144 to 151
32	-11	12	-24	40	-13	4	-15	cell = 152 to 159
37	11	30	21	59	6	25	-28	cell = 160 to 167
68	31	48	6	70	-21	91	-29	cell = 168 to 175
72	-26	36	-24	42	16	26	0	cell = 176 to 183
40	17	34	-11	5	-4	52	6	cell = 184 to 191
42	-30	20	-6	6	-13	45	-4	cell = 192 to 199
75	29	24	12	44	-10	31	-10	cell = 200 to 207
16	-3	21	2	51	20	50	5	cell = 208 to 215
25	-13	55	-22	70	1	49	-24	cell = 216 to 223
37	12	38	-12	22	-14	76	1	cell = 224 to 231
70	0	67	-24	42	-16	53	-12	cell = 232 to 239
68	-42	45	-6	21	-31	27	13	cell = 240 to 247
89	-3	27	-11	57	-34	54	-17	cell = 248 to 255
39	-7	33	-20	55	0	71	-19	cell = 256 to 263
59	-18	38	-27	59	-15	85	-28	cell = 264 to 271
33	9	36	7	39	-24	42	5	cell = 272 to 279
76	-43	48	-31	57	-28	77	0	cell = 280 to 287
18	-16	11	-12	55	-40	54	-6	cell = 288 to 295
56	-4	27	15	76	9	38	-12	cell = 296 to 303
45	19	48	3	38	-17	53	-13	cell = 304 to 311
32	-2	29	-25	74	-24	76	-44	cell = 312 to 319
30	6	45	5	40	-7	42	-17	cell = 320 to 327
20	-13	1	-20	34	5	33	42	cell = 328 to 335
21	-12	85	41	32	-13	62	10	cell = 336 to 343
75	-14	40	14	-7	3	48	-52	cell = 344 to 351
40	-1	23	-7	61	7	47	4	cell = 352 to 359
36	-21	37	13	40	-21	23	4	cell = 360 to 367
56	-14	32	-19	16	1	46	-12	cell = 368 to 375
33	-29	46	45	28	-12	57	-17	cell = 376 to 383
44	-26	35	-17	30	1	11	-33	cell = 384 to 391
32	6	49	-14	18	1	45	-22	cell = 392 to 399
30	25	28	-26	43	-34	60	-36	cell = 400 to 407
59	-19	34	-22	40	-2	38	-53	cell = 408 to 415
91	-4	89	-19	46	-28	62	-27	cell = 416 to 423
50	-34	83	11	42	5	56	-13	cell = 424 to 431
56	-9	-17	4	39	-28	87	7	cell = 432 to 439
6	-10	12	14	56	-2	57	20	cell = 440 to 447
53	-10	-12	-18	37	-2	29	-24	cell = 448 to 455
46	-12	38	-11	39	-40	47	-10	cell = 456 to 463
29	-7	21	2	43	-10	53	29	cell = 464 to 471
41	17	57	10	75	-8	98	-36	cell = 472 to 479
55	18	67	15	49	43	73	-2	cell = 480 to 487
6	-29	36	-18	29	2	52	-8	cell = 488 to 495
60	-19	-41	-82	-43	-53	-49	-78	cell = 496 to 503
79	7	31	8	30	-4	3	-47	cell = 504 to 511
-43	-17	-16	-31	-34	-35	-34	-33	cell = 512 to 519
-12	15	5	13	-34	-7	10	-38	cell = 520 to 527
-20	-44	-41	-17	-32	-35	-28	5	cell = 528 to 535
-17	-40	-23	-19	1	-19	12	32	cell = 536 to 543
-21	-7	-33	-36	-6	-6	-2	11	cell = 544 to 551
-39	-17	-4	-24	-24	-2	-49	8	cell = 552 to 559
-28	-29	-15	-25	18	-34	-4	-43	cell = 560 to 567
-11	-20	-34	2	-23	-8	-7	-13	cell = 568 to 575
-26	36	-12	-37	-22	14	-24	-53	cell = 576 to 583
18	4	35	2	-10	-4	-47	-31	cell = 584 to 591
-12	-37	-33	-30	5	-8	8	-7	cell = 592 to 599
0	-36	17	10	-14	-19	-12	-37	cell = 600 to 607
-12	-32	-56	-29	-12	-28	-53	-14	cell = 608 to 615
11	-30	19	-4	12	-8	-9	-10	cell = 616 to 623
-37	20	20	-5	-40	-10	-26	-3	cell = 624 to 631
-29	-38	28	-25	-30	-46	-32	-11	cell = 632 to 639
-30	-23	-21	-19	18	-36	-57	-1	cell = 640 to 647
-28	3	-36	-24	-18	-17	-40	4	cell = 648 to 655
-13	-37	19	-13	-20	-39	16	0	cell = 656 to 663
16	-6	36	-8	31	11	-30	-10	cell = 664 to 671
-12	-4	38	-13	0	1	-29	-7	cell = 672 to 679
-46	-56	-9	2	-39	-5	-41	3	cell = 680 to 687
20	1	-75	-34	-29	-53	-5	-20	cell = 688 to 695
-18	-20	-11	-65	-9	-38	-7	-28	cell = 696 to 703
-42	-27	-30	-17	4	5	-1	-6	cell = 704 to 711
-31	1	-17	-25	-3	-4	-23	-3	cell = 712 to 719
5	10	-29	-30	6	-43	-16	-6	cell = 720 to 727
-53	-29	-41	-37	-27	22	-31	-61	cell = 728 to 735
16	-27	12	-2	-27	-24	-5	-39	cell = 736 to 743
-23	-13	4	-11	-8	-11	6	-40	cell = 744 to 751
-23	-33	4	-26	-30	1	2	-3	cell = 752 to 759
-23	-28	-22	-15	-40	-25	-36	-29	cell = 760 to 767
-18	-28	-7	-8	-15	21	-3	-42	cell = 768 to 775
-12	-10	-17	7	-10	-19	-49	4	cell = 776 to 783
-10	13	15	-24	-19	-10	-4	20	cell = 784 to 791
-24	-58	-9	-37	-10	-15	-36	-22	cell = 792 to 799
-16	-7	-19	-25	2	-12	-20	41	cell = 800 to 807
-37	-39	-27	-39	12	-29	-49	19	cell = 808 to 815
-36	-23	-21	6	-30	-38	-22	-32	cell = 816 to 823
-31	-40	-11	-1	-37	11	8	-11	cell = 824 to 831
-1	-29	1	-8	-31	-36	-15	-38	cell = 832 to 839
-30	-12	-23	-35	-41	-44	-12	2	cell = 840 to 847
-11	-33	-7	-19	-21	-28	-23	4	cell = 848 to 855
0	24	30	-9	-32	-35	-25	-22	cell = 856 to 863
-50	-36	-12	-2	-12	-4	-4	-31	cell = 864 to 871
-26	-17	-40	0	2	33	-14	-60	cell = 872 to 879
10	-45	19	-37	1	-52	-29	-57	cell = 880 to 887
-25	-2	-14	-15	13	-29	-32	-32	cell = 888 to 895
-57	-7	-28	-26	-48	-7	12	-27	cell = 896 to 903
4	-15	16	-18	14	-11	6	-9	cell = 904 to 911
21	-12	-33	-23	-13	-12	-6	-41	cell = 912 to 919
-40	-48	-5	-22	-10	-6	-41	-10	cell = 920 to 927
-24	-52	-40	-34	-18	-24	12	-2	cell = 928 to 935
25	-54	-10	28	-5	26	-53	6	cell = 936 to 943
-36	-21	-4	18	-34	-40	-52	-44	cell = 944 to 951
33	-21	-35	-24	-29	-1	-65	-11	cell = 952 to 959
-21	-18	-24	-15	-17	-14	-21	13	cell = 960 to 967
-39	-16	-27	-2	4	10	-39	-49	cell = 968 to 975
-4	-24	-28	-15	-13	-34	-22	-2	cell = 976 to 983
-47	-23	14	-75	-5	-44	-23	-29	cell = 984 to 991
-47	-22	19	-27	-26	17	-32	-48	cell = 992 to 999
-30	13	-22	-32	-34	-11	3	20	cell = 1000 to 1007
16	-24	-20	-28	-21	3	-17	-25	cell = 1008 to 1015
-30	-25	-37	-37	-20	12	-32	-25	cell = 1016 to 1023
Calibration values from cell 0 to 1024 for channel 7:

73	7	52	-29	65	-32	45	6	cell = 0 to 7
73	-14	64	-26	59	-1	47	-17	cell = 8 to 15
13	2	64	-58	9	-22	49	-8	cell = 16 to 23
101	-48	65	-9	49	2	9	-7	cell = 24 to 31
30	6	74	-37	53	-25	49	49	cell = 32 to 39
19	-7	10	17	24	-23	37	-28	cell = 40 to 47
31	9	34	5	49	-20	21	3	cell = 48 to 55
19	20	60	-28	49	0	56	-31	cell = 56 to 63
32	-27	46	-69	23	-63	20	-27	cell = 64 to 71
50	2	29	-18	61	2	69	-19	cell = 72 to 79
22	8	39	5	66	-16	39	-15	cell = 80 to 87
-17	-12	96	-19	75	14	39	-10	cell = 88 to 95
25	3	28	1	8	-35	41	-10	cell = 96 to 103
44	-34	43	9	9	-39	59	-4	cell = 104 to 111
16	-40	35	-39	28	3	17	-47	cell = 112 to 119
55	-19	35	6	34	-2	38	-3	cell = 120 to 127
70	0	49	-12	71	-31	35	-8	cell = 128 to 135
49	-28	34	-22	16	21	21	21	cell = 136 to 143
50	12	78	-40	32	24	47	-12	cell = 144 to 151
41	-14	63	1	25	-41	58	-8	cell = 152 to 159
74	-21	64	-29	59	-2	68	12	cell = 160 to 167
34	-40	41	-32	58	3	37	8	cell = 168 to 175
38	7	29	3	83	-43	29	-11	cell = 176 to 183
38	-6	52	-53	35	11	52	-1	cell = 184 to 191
22	-10	10	-5	22	-48	57	-6	cell = 192 to 199
87	-3	37	-26	35	36	24	-48	cell = 200 to 207
64	-51	53	-53	31	-33	65	1	cell = 208 to 215
70	6	48	-34	60	11	76	-40	cell = 216 to 223
33	-36	12	21	50	-25	43	22	cell = 224 to 231
9	-27	71	-14	53	23	29	-12	cell = 232 to 239
48	9	23	-18	41	9	28	-18	cell = 240 to 247
52	40	49	1	35	-24	75	10	cell = 248 to 255
44	16	13	-32	52	-25	53	-20	cell = 256 to 263
51	-47	62	11	75	-29	20	6	cell = 264 to 271
54	-29	32	-8	89	16	48	32	cell = 272 to 279
44	-44	52	-3	78	-27	68	-4	cell = 280 to 287
13	-11	59	-29	55	-9	59	8	cell = 288 to 295
14	7	49	-38	36	-22	68	-11	cell = 296 to 303
57	17	68	-39	62	-4	43	-35	cell = 304 to 311
64	-1	52	4	43	-16	13	4	cell = 312 to 319
40	6	50	-9	62	-19	64	-36	cell = 320 to 327
26	32	76	2	41	-25	66	-29	cell = 328 to 335
42	26	4	-4	46	5	73	-15	cell = 336 to 343
65	-4	78	-42	-19	-16	59	-3	cell = 344 to 351
44	-5	27	-37	21	-11	36	-5	cell = 352 to 359
43	1	53	-55	32	16	37	1	cell = 360 to 367
61	-14	43	-18	29	9	45	20	cell = 368 to 375
54	14	44	5	25	20	9	-8	cell = 376 to 383
51	-16	14	-15	47	0	18	31	cell = 384 to 391
37	-5	36	-27	71	-2	62	9	cell = 392 to 399
48	15	33	-28	32	5	55	-23	cell = 400 to 407
51	-13	41	-2	47	1	36	-20	cell = 408 to 415
36	-10	58	-35	-7	14	23	-23	cell = 416 to 423
36	18	31	62	58	7	55	-4	cell = 424 to 431
52	12	40	-25	13	-5	9	11	cell = 432 to 439
16	14	41	-22	42	-32	23	-20	cell = 440 to 447
56	-35	53	-20	32	-47	65	-34	cell = 448 to 455
7	16	-10	-15	42	-4	51	-49	cell = 456 to 463
55	2	80	5	66	-7	31	7	cell = 464 to 471
62	20	67	-22	47	-8	48	-61	cell = 472 to 479
60	8	50	-23	36	-2	75	-9	cell = 480 to 487
45	8	56	-15	45	-4	28	10	cell = 488 to 495
33	-27	-31	-77	-46	-64	-17	-115	cell = 496 to 503
57	20	24	8	15	-15	51	-14	cell = 504 to 511
-11	-8	14	-41	-2	-40	-74	-17	cell = 512 to 519
-44	-29	-20	-7	8	-16	-34	-33	cell = 520 to 527
-12	-35	-12	34	-10	-46	-24	-15	cell = 528 to 535
-4	-48	-15	-20	-17	-8	-16	-8	cell = 536 to 543
12	-55	-45	1	-36	-9	-27	14	cell = 544 to 551
-30	-4	-20	-5	-14	-8	-16	-13	cell = 552 to 559
-64	-57	1	-36	-11	21	6	-10	cell = 560 to 567
-10	-30	-27	-52	-42	-19	-46	-29	cell = 568 to 575
-28	-37	-20	-11	-51	-18	-38	-31	cell = 576 to 583
-10	-54	-39	-7	-4	-30	9	-12	cell = 584 to 591
10	-3	-39	-2	-13	-22	20	-51	cell = 592 to 599
-2	-43	-7	4	-14	-35	-8	-45	cell = 600 to 607
-22	15	-21	-22	0	0	-40	-27	cell = 608 to 615
-8	-24	-27	-4	-3	-16	-8	12	cell = 616 to 623
7	6	0	5	-45	-25	-19	-23	cell = 624 to 631
14	-46	-44	-9	-11	-36	-20	-8	cell = 632 to 639
6	-16	-4	-14	-41	-11	3	-66	cell = 640 to 647
-14	-57	6	-4	-42	-12	-13	31	cell = 648 to 655
-17	-31	-21	-25	-1	-40	-21	-14	cell = 656 to 663
-23	-21	-43	-14	0	-31	-19	33	cell = 664 to 671
11	-31	-7	-25	-42	-6	-3	-24	cell = 672 to 679
12	-43	21	-8	10	-19	-35	-20	cell = 680 to 687
-33	12	-36	-31	-42	-38	-31	-10	cell = 688 to 695
-23	-43	0	-34	-17	-39	22	1	cell = 696 to 703
-13	-1	-21	-14	-3	-20	-14	-26	cell = 704 to 711
-34	-19	-37	-14	-7	-13	1	-9	cell = 712 to 719
-24	9	15	-56	6	14	0	-45	cell = 720 to 727
12	-4	-28	-10	-18	-5	5	-33	cell = 728 to 735
27	31	-27	-14	1	-58	-31	-32	cell = 736 to 743
-27	-19	-24	-22	4	2	-51	14	cell = 744 to 751
11	-33	-56	-1	-28	-48	-44	-2	cell = 752 to 759
-37	-45	11	-21	13	-25	-37	-23	cell = 760 to 767
-31	-44	-21	18	-7	-32	-26	-2	cell = 768 to 775
-6	-12	15	-23	-8	14	-13	-3	cell = 776 to 783
-13	28	-32	-10	-9	-14	29	-17	cell = 784 to 791
-10	-34	3	-21	-19	-16	-52	-48	cell = 792 to 799
-47	-48	-22	-24	6	-50	1	19	cell = 800 to 807
16	8	11	-41	16	-17	-3	-15	cell = 808 to 815
-13	-31	-14	-11	0	-38	-32	-21	cell = 816 to 823
-8	-49	19	-34	-27	1	-1	-14	cell = 824 to 831
19	18	-29	-31	9	-4	-52	12	cell = 832 to 839
-3	-2	-7	-4	-20	0	-21	-38	cell = 840 to 847
-1	-8	-39	-54	-17	-26	-37	-28	cell = 848 to 855
-11	18	2	-48	36	14	2	-58	cell = 856 to 863
-9	-22	-55	-25	-24	1	-14	-14	cell = 864 to 871
3	-32	-16	-20	-25	-34	-2	-15	cell = 872 to 879
-43	19	-9	-42	2	-48	-6	-8	cell = 880 to 887
-12	-13	-31	-24	-39	-13	-12	-33	cell = 888 to 895
-28	-57	-25	-25	-12	-35	-31	-13	cell = 896 to 903
-31	-18	3	-10	-23	-34	-12	-35	cell = 904 to 911
21	-6	2	8	-52	-46	-5	3	cell = 912 to 919
6	-27	-30	4	-36	-10	-10	-1	cell = 920 to 927
7	-14	-33	-9	7	-18	-42	-14	cell = 928 to 935
25	-6	-13	-5	8	10	-23	-36	cell = 936 to 943
-19	-44	7	2	-23	-54	7	-22	cell = 944 to 951
-16	-25	-12	-41	8	-21	-39	3	cell = 952 to 959
0	-15	16	-9	-35	-30	-12	2	cell = 960 to 967
-23	-22	-83	1	0	-35	-3	-51	cell = 968 to 975
5	11	-34	-14	-14	-6	-19	7	cell = 976 to 983
-4	24	-30	-23	20	22	-28	2	cell = 984 to 991
1	-15	-23	3	-11	-19	34	-11	cell = 992 to 999
6	-6	-43	-38	-11	-29	4	-21	cell = 1000 to 1007
-38	-7	-48	-37	-16	-30	-20	-33	cell = 1008 to 1015
-23	3	-11	-21	-48	-9	39	-8	cell = 1016 to 1023
Calibration values from cell 0 to 1024 for channel 8:

54	-3	26	-4	35	1	56	-22	cell = 0 to 7
48	12	-7	3	47	-4	34	-31	cell = 8 to 15
40	-19	32	-22	28	-50	37	8	cell = 16 to 23
42	8	52	-50	80	7	22	-26	cell = 24 to 31
60	14	70	-2	48	-11	52	31	cell = 32 to 39
44	17	87	28	-30	28	70	-11	cell = 40 to 47
33	0	25	-11	63	26	35	-22	cell = 48 to 55
19	2	25	9	10	26	2	-5	cell = 56 to 63
35	-45	47	-36	53	-48	37	-21	cell = 64 to 71
49	-18	8	2	27	13	18	-16	cell = 72 to 79
34	-25	19	29	58	-1	64	-16	cell = 80 to 87
46	-7	39	19	27	-40	1	-1	cell = 88 to 95
42	5	57	12	3	13	71	6	cell = 96 to 103
31	-29	38	21	35	-12	95	-1	cell = 104 to 111
63	40	86	-11	33	29	49	11	cell = 112 to 119
66	-24	24	-27	47	21	51	10	cell = 120 to 127
67	3	36	-35	23	-32	44	7	cell = 128 to 135
74	13	40	7	75	5	52	-29	cell = 136 to 143
44	-10	43	-50	83	0	43	13	cell = 144 to 151
41	30	54	-3	58	-32	57	17	cell = 152 to 159
28	-9	33	37	58	-2	33	0	cell = 160 to 167
62	-20	41	6	37	-24	56	-25	cell = 168 to 175
28	-32	60	-19	12	15	44	1	cell = 176 to 183
20	-18	53	-22	50	-6	74	-19	cell = 184 to 191
30	19	54	-9	62	-11	14	-22	cell = 192 to 199
-10	-17	46	-35	52	1	39	22	cell = 200 to 207
13	-12	64	2	20	-15	46	-13	cell = 208 to 215
56	-6	56	18	48	18	42	-2	cell = 216 to 223
18	25	91	10	99	-6	64	35	cell = 224 to 231
74	15	59	1	31	-15	25	-16	cell = 232 to 239
37	-5	57	0	40	-10	62	7	cell = 240 to 247
56	-16	53	-15	60	14	32	17	cell = 248 to 255
35	28	76	-2	65	-37	-11	-14	cell = 256 to 263
44	-31	6	-17	55	-5	0	-23	cell = 264 to 271
31	-14	66	-32	41	-18	-1	19	cell = 272 to 279
70	25	37	9	25	10	68	-24	cell = 280 to 287
37	-6	14	-17	6	-11	43	33	cell = 288 to 295
27	25	20	12	37	-26	60	1	cell = 296 to 303
45	-3	53	14	53	21	48	-24	cell = 304 to 311
50	-25	51	-47	33	-17	38	-6	cell = 312 to 319
30	-12	21	3	21	23	42	15	cell = 320 to 327
36	-44	24	-2	34	-3	73	-9	cell = 328 to 335
61	-32	61	-26	45	19	42	39	cell = 336 to 343
57	-70	46	-29	65	11	96	3	cell = 344 to 351
65	-37	43	-22	3	44	87	-17	cell = 352 to 359
46	-23	65	6	32	-16	45	-2	cell = 360 to 367
48	28	76	-9	66	-31	79	14	cell = 368 to 375
34	-28	50	33	52	4	29	4	cell = 376 to 383
83	17	4	-9	67	3	45	-10	cell = 384 to 391
47	-15	71	-18	62	-18	57	20	cell = 392 to 399
62	-2	41	11	49	14	27	-15	cell = 400 to 407
29	6	-12	-6	30	-4	75	-23	cell = 408 to 415
26	3	38	8	22	21	27	39	cell = 416 to 423
38	56	60	29	16	-22	67	-10	cell = 424 to 431
30	23	67	9	49	-5	31	4	cell = 432 to 439
40	19	35	2	41	-11	29	-17	cell = 440 to 447
63	21	22	-9	36	-36	36	-2	cell = 448 to 455
40	15	19	-18	35	2	47	2	cell = 456 to 463
15	-6	35	-20	39	-6	85	21	cell = 464 to 471
25	-32	18	28	54	37	19	-25	cell = 472 to 479
66	8	31	3	26	19	67	11	cell = 480 to 487
51	-1	18	-18	40	8	28	-49	cell = 488 to 495
43	8	-21	-70	-53	-104	-40	-53	cell = 496 to 503
64	8	23	1	45	-21	14	-43	cell = 504 to 511
16	-36	-35	-26	-12	-79	-4	-14	cell = 512 to 519
-34	-61	-27	0	-52	8	-32	-3	cell = 520 to 527
-48	-82	-29	-29	-4	-26	-33	3	cell = 528 to 535
-40	-30	-37	-19	13	-36	-15	-2	cell = 536 to 543
-53	-26	1	-11	-4	-2	7	-43	cell = 544 to 551
-3	-30	-22	-17	-50	-69	-28	-9	cell = 552 to 559
-35	-21	-13	20	-31	17	-39	-34	cell = 560 to 567
-24	-5	-18	-8	-22	-25	0	-30	cell = 568 to 575
-65	-40	-41	-20	-11	-24	-73	2	cell = 576 to 583
-23	-11	-20	-18	-14	-10	-32	-7	cell = 584 to 591
-25	12	-7	-2	-17	-41	-41	2	cell = 592 to 599
-10	3	-11	-38	2	-30	-38	-5	cell = 600 to 607
-26	-41	-63	-34	23	-40	-21	-21	cell = 608 to 615
-29	-17	-25	-20	-6	-46	16	-30	cell = 616 to 623
-68	12	-39	1	-39	-25	-35	10	cell = 624 to 631
19	20	-22	30	-20	7	-28	-4	cell = 632 to 639
-7	-28	-35	1	-16	-23	-10	-26	cell = 640 to 647
-36	5	-31	-27	-7	-41	-29	-5	cell = 648 to 655
5	-29	-36	-35	-23	-45	15	-39	cell = 656 to 663
-29	-53	-26	-21	-11	-13	-1	-30	cell = 664 to 671
-33	-34	-12	-35	-12	-3	-30	-17	cell = 672 to 679
-29	-37	2	3	-3	-20	-13	-45	cell = 680 to 687
-9	-24	-4	-15	-3	17	-8	13	cell = 688 to 695
-2	-53	-31	-29	-51	-2	-15	6	cell = 696 to 703
-61	-23	-26	-35	-43	-29	-27	-43	cell = 704 to 711
-41	-9	-6	-14	8	13	19	-32	cell = 712 to 719
-66	-24	6	6	-13	-6	-43	-11	cell = 720 to 727
-50	-51	-18	0	-26	-12	-28	-11	cell = 728 to 735
25	-32	-44	6	-86	0	-47	-17	cell = 736 to 743
-11	-19	-22	-15	-44	-10	26	29	cell = 744 to 751
-34	-37	-39	-14	-42	-25	-17	-19	cell = 752 to 759
2	-10	-31	-38	-41	-15	-31	-24	cell = 760 to 767
-51	-2	-10	13	1	-30	-25	-49	cell = 768 to 775
-42	-31	-50	15	-24	-49	24	-21	cell = 776 to 783
-48	4	-22	10	-22	-12	-27	13	cell = 784 to 791
-9	29	17	7	-38	11	-44	-24	cell = 792 to 799
-42	-16	-15	-28	-26	-22	-9	-53	cell = 800 to 807
-7	-8	-37	-13	-3	-38	-44	3	cell = 808 to 815
-13	-20	-43	11	-23	24	34	11	cell = 816 to 823
7	-40	-26	-7	-10	-50	-46	-45	cell = 824 to 831
-13	-49	-33	12	-15	-9	-28	-13	cell = 832 to 839
-15	-42	-9	-21	11	-12	-7	-15	cell = 840 to 847
-8	-24	-58	-7	-20	15	3	0	cell = 848 to 855
18	0	-49	-13	-29	-9	-11	0	cell = 856 to 863
-19	-45	1	-64	-20	-19	-55	-30	cell = 864 to 871
-40	-11	-40	-19	-28	11	-49	-22	cell = 872 to 879
-48	-32	14	5	-4	-32	-47	-34	cell = 880 to 887
-52	-34	-29	7	-8	-4	-8	-21	cell = 888 to 895
-28	-27	-26	5	-15	13	-14	-14	cell = 896 to 903
-33	-28	-35	-52	-38	-13	-36	-10	cell = 904 to 911
1	-13	-15	-15	10	-5	-22	-52	cell = 912 to 919
-51	0	6	-18	-11	-41	-18	2	cell = 920 to 927
-11	-43	2	-28	-16	-10	-11	-15	cell = 928 to 935
-34	-40	-21	-10	-33	-19	-46	-18	cell = 936 to 943
-40	-30	16	-38	-45	10	-28	-20	cell = 944 to 951
-21	-29	6	0	-6	-59	-27	-1	cell = 952 to 959
-17	-23	-13	-29	-26	-28	-22	-46	cell = 960 to 967
-3	-15	-30	14	0	28	-51	30	cell = 968 to 975
-4	9	-9	-9	-31	-18	-20	-15	cell = 976 to 983
-5	-30	-13	1	5	-32	-37	-39	cell = 984 to 991
-23	-30	-17	-6	-22	-12	-26	3	cell = 992 to 999
24	-15	21	19	-33	-19	-28	-13	cell = 1000 to 1007
-26	-14	-39	-33	11	-34	-11	-15	cell = 1008 to 1015
2	-15	-21	2	5	-46	-27	10	cell = 1016 to 1023
