Calibration values from cell 0 to 1024 for channel 0:

76	11	18	12	46	3	20	22	cell = 0 to 7
76	-21	56	-18	30	-19	49	-3	cell = 8 to 15
54	-8	69	9	72	-10	69	-15	cell = 16 to 23
32	9	41	11	83	6	43	-13	cell = 24 to 31
1	20	40	15	46	22	41	16	cell = 32 to 39
56	-21	32	-43	32	-6	61	-16	cell = 40 to 47
46	-24	58	13	-11	26	34	39	cell = 48 to 55
24	2	53	-37	22	5	67	-38	cell = 56 to 63
28	8	29	17	67	-11	28	11	cell = 64 to 71
42	-18	29	0	48	-12	32	26	cell = 72 to 79
68	26	25	-7	64	-14	65	45	cell = 80 to 87
78	-22	44	-20	53	-6	42	0	cell = 88 to 95
26	-21	52	22	46	8	37	-7	cell = 96 to 103
66	1	33	-14	66	30	40	28	cell = 104 to 111
30	16	63	17	48	-41	37	-15	cell = 112 to 119
20	-28	36	-5	28	-30	48	-38	cell = 120 to 127
33	19	33	-5	21	1	38	-24	cell = 128 to 135
36	44	27	3	105	-30	44	9	cell = 136 to 143
32	-35	51	-6	57	-7	67	6	cell = 144 to 151
40	-9	21	3	49	-41	30	17	cell = 152 to 159
68	10	5	-4	55	37	48	24	cell = 160 to 167
21	-23	41	-43	69	-9	59	-23	cell = 168 to 175
55	5	54	1	42	11	58	8	cell = 176 to 183
50	21	52	1	8	-31	11	11	cell = 184 to 191
23	-8	36	-33	62	-2	64	-13	cell = 192 to 199
19	-19	37	-7	46	41	27	18	cell = 200 to 207
51	33	31	4	64	5	28	-1	cell = 208 to 215
31	-13	62	38	81	-28	9	8	cell = 216 to 223
62	-2	53	32	44	-10	72	0	cell = 224 to 231
19	-57	39	-33	49	-18	50	28	cell = 232 to 239
46	2	48	25	44	27	32	20	cell = 240 to 247
51	16	26	15	24	-13	34	4	cell = 248 to 255
27	-14	42	-25	34	3	21	-18	cell = 256 to 263
17	25	49	11	3	5	29	5	cell = 264 to 271
80	-12	29	-13	8	-12	31	-14	cell = 272 to 279
40	-3	90	42	26	1	17	-24	cell = 280 to 287
87	-36	27	-2	24	-47	49	-9	cell = 288 to 295
56	12	45	-17	48	-2	4	-5	cell = 296 to 303
32	-17	-7	11	39	8	12	-20	cell = 304 to 311
53	-2	17	9	50	-28	56	-10	cell = 312 to 319
1	21	39	27	13	-36	27	10	cell = 320 to 327
91	-50	66	-10	68	-20	64	-13	cell = 328 to 335
13	-37	80	-48	71	-8	20	39	cell = 336 to 343
36	-40	-8	-5	56	-16	19	1	cell = 344 to 351
73	-7	42	-54	38	1	17	20	cell = 352 to 359
36	-32	19	12	31	-5	46	-18	cell = 360 to 367
41	-43	34	-2	16	-31	21	-24	cell = 368 to 375
33	-11	38	-18	24	16	39	-17	cell = 376 to 383
10	-57	43	3	37	21	55	-31	cell = 384 to 391
48	-16	57	-38	55	10	38	27	cell = 392 to 399
0	-2	11	25	63	-26	31	-3	cell = 400 to 407
40	-45	79	50	43	-3	72	0	cell = 408 to 415
28	29	21	-18	69	-9	67	36	cell = 416 to 423
29	6	63	5	27	13	60	11	cell = 424 to 431
38	9	54	-42	36	-20	15	9	cell = 432 to 439
27	26	65	10	33	35	42	8	cell = 440 to 447
37	-51	33	-6	2	-6	18	-2	cell = 448 to 455
1	18	35	-31	40	-10	30	-6	cell = 456 to 463
-5	22	17	57	54	-17	21	-28	cell = 464 to 471
27	-25	-20	35	35	-40	6	4	cell = 472 to 479
18	-16	57	-25	-12	10	52	-6	cell = 480 to 487
41	-8	25	27	36	13	21	-15	cell = 488 to 495
10	-11	-38	-36	-22	-23	-43	-69	cell = 496 to 503
29	-9	24	-31	44	-26	41	19	cell = 504 to 511
-10	-10	-27	11	-7	-27	-7	-71	cell = 512 to 519
6	4	-18	-28	-39	-31	-39	7	cell = 520 to 527
-22	-40	-46	-15	-32	-4	-19	-16	cell = 528 to 535
2	-28	-13	-1	-36	2	-15	-20	cell = 536 to 543
13	2	-48	-30	-30	3	-32	-25	cell = 544 to 551
-16	-3	-59	-15	-41	-32	-24	-22	cell = 552 to 559
-19	-31	-34	-35	12	-51	3	-42	cell = 560 to 567
-7	-13	-9	-80	-61	-14	-24	-20	cell = 568 to 575
5	-17	-41	-16	-11	-54	11	-16	cell = 576 to 583
-44	17	-61	7	-21	4	-32	-54	cell = 584 to 591
-57	-41	-45	5	-49	-9	-21	-21	cell = 592 to 599
-49	-3	-61	-24	-30	-17	-59	-10	cell = 600 to 607
-19	-21	-5	-17	-33	-29	-26	-61	cell = 608 to 615
-26	0	-27	-22	-39	24	-24	6	cell = 616 to 623
-12	-19	-55	-6	2	-22	-33	-29	cell = 624 to 631
1	-8	-73	-2	-12	-32	-31	-8	cell = 632 to 639
-13	-35	-41	-48	-23	-41	-28	-15	cell = 640 to 647
-43	-44	-37	-22	-34	-18	-15	15	cell = 648 to 655
-21	-13	3	-22	0	-8	-32	-18	cell = 656 to 663
-50	16	-37	-30	29	-10	-15	-47	cell = 664 to 671
-46	-41	-23	5	9	-25	-20	-5	cell = 672 to 679
8	-20	-32	43	-44	-18	-5	-23	cell = 680 to 687
-50	-9	8	-23	7	-25	-23	-44	cell = 688 to 695
-19	-43	-12	-14	-18	-11	7	-48	cell = 696 to 703
-22	3	-48	-30	-12	-9	-32	8	cell = 704 to 711
-19	-45	16	2	-41	-39	-34	-2	cell = 712 to 719
-58	-39	6	-32	10	-32	-17	-26	cell = 720 to 727
-6	-11	-35	-51	-54	-31	-4	-32	cell = 728 to 735
-22	-18	9	18	21	1	-29	2	cell = 736 to 743
3	-24	14	7	-24	2	11	-13	cell = 744 to 751
0	18	-12	-42	-39	-35	-2	3	cell = 752 to 759
25	-4	-35	-5	-39	-47	-28	-20	cell = 760 to 767
-29	-30	1	-9	9	-22	11	8	cell = 768 to 775
-3	-5	-47	15	-16	-20	-71	-37	cell = 776 to 783
-47	-50	-36	-23	-8	-39	3	-11	cell = 784 to 791
25	-14	-10	-74	-57	6	-32	-2	cell = 792 to 799
-10	-14	-23	-21	-40	-22	-6	-34	cell = 800 to 807
0	12	-11	17	10	3	-8	-33	cell = 808 to 815
-19	15	-34	-42	-9	-30	-39	-29	cell = 816 to 823
23	-35	-14	-33	-48	32	-62	1	cell = 824 to 831
7	-24	-6	-14	-34	-16	0	-5	cell = 832 to 839
19	6	-43	-9	-10	-2	-29	27	cell = 840 to 847
-1	-10	-17	-16	1	2	-2	-15	cell = 848 to 855
12	30	20	30	-43	-45	12	-63	cell = 856 to 863
-11	-17	4	-35	-20	17	-27	5	cell = 864 to 871
8	-47	7	-12	-38	19	-45	2	cell = 872 to 879
-54	-15	-6	-29	-27	6	-30	-7	cell = 880 to 887
-49	-41	-5	-9	18	-36	-16	-33	cell = 888 to 895
-15	-2	-43	-8	-13	-34	-2	-25	cell = 896 to 903
-27	-36	-24	-24	-53	15	-67	16	cell = 904 to 911
-4	-6	-36	-11	-11	-6	-24	-20	cell = 912 to 919
-3	-9	0	-8	30	-36	-24	-53	cell = 920 to 927
-11	-44	-9	2	21	-15	-29	-48	cell = 928 to 935
-4	31	2	-3	1	-45	-26	-13	cell = 936 to 943
-3	-19	-28	-40	-17	35	-7	9	cell = 944 to 951
-24	-9	-20	-17	34	3	24	-40	cell = 952 to 959
-7	-44	-21	6	-43	-25	-32	12	cell = 960 to 967
-28	-23	1	-21	18	37	-5	-2	cell = 968 to 975
-40	-46	6	-31	-9	-23	-9	-14	cell = 976 to 983
-33	-30	-18	-15	-15	-45	-38	-14	cell = 984 to 991
-6	-14	-24	-4	-20	-8	30	0	cell = 992 to 999
-31	-67	22	-5	-14	-6	-25	-4	cell = 1000 to 1007
-36	-16	-51	-15	-32	-29	-4	15	cell = 1008 to 1015
10	-28	-10	4	-29	-17	-20	-15	cell = 1016 to 1023
Calibration values from cell 0 to 1024 for channel 1:

53	-10	33	-27	26	-34	85	-6	cell = 0 to 7
28	2	-7	-39	103	-24	89	-34	cell = 8 to 15
48	-29	45	10	26	-41	64	3	cell = 16 to 23
27	-13	66	2	40	22	57	-11	cell = 24 to 31
72	11	29	-4	65	2	71	18	cell = 32 to 39
60	30	42	7	60	10	27	-10	cell = 40 to 47
41	-7	34	-31	57	-45	69	-51	cell = 48 to 55
53	7	19	-30	55	-13	39	-11	cell = 56 to 63
21	7	71	-28	26	19	18	8	cell = 64 to 71
61	-18	35	-34	14	12	41	10	cell = 72 to 79
29	-20	66	-28	71	29	42	-11	cell = 80 to 87
27	27	46	-1	44	16	47	-2	cell = 88 to 95
63	-3	35	23	20	-32	59	19	cell = 96 to 103
39	7	66	-16	61	-2	84	0	cell = 104 to 111
62	21	43	20	47	-2	47	-11	cell = 112 to 119
49	30	57	-17	67	-30	26	-27	cell = 120 to 127
70	9	22	6	48	-3	6	-30	cell = 128 to 135
72	24	8	51	53	10	16	10	cell = 136 to 143
19	16	56	-22	45	14	50	2	cell = 144 to 151
69	13	45	-12	34	28	48	21	cell = 152 to 159
58	11	15	-31	14	33	56	-16	cell = 160 to 167
38	-24	40	2	66	-6	44	44	cell = 168 to 175
9	12	16	-19	55	3	78	-7	cell = 176 to 183
38	37	33	25	66	-24	35	13	cell = 184 to 191
72	2	2	21	39	16	57	-13	cell = 192 to 199
26	11	38	37	6	17	20	31	cell = 200 to 207
57	0	43	-31	38	-19	54	-3	cell = 208 to 215
2	-29	46	3	36	-18	45	17	cell = 216 to 223
18	-31	49	-36	64	27	43	-16	cell = 224 to 231
38	-9	58	15	38	59	49	24	cell = 232 to 239
30	20	41	-3	63	-11	18	-5	cell = 240 to 247
42	-9	48	1	57	21	21	-27	cell = 248 to 255
38	11	25	-4	1	25	11	-13	cell = 256 to 263
50	6	19	18	40	0	14	-14	cell = 264 to 271
81	17	30	-20	6	-31	38	12	cell = 272 to 279
5	-19	74	-13	59	-16	19	-5	cell = 280 to 287
35	-20	70	-6	68	-16	62	-34	cell = 288 to 295
22	22	46	-39	38	-13	30	-2	cell = 296 to 303
23	24	94	-18	47	-7	23	-12	cell = 304 to 311
28	-21	71	-33	-25	-2	33	37	cell = 312 to 319
57	0	31	-34	27	3	41	-33	cell = 320 to 327
71	-9	65	-40	50	-20	56	-26	cell = 328 to 335
90	10	30	-45	61	-15	45	-10	cell = 336 to 343
58	-45	65	13	65	12	24	-28	cell = 344 to 351
59	2	6	-38	32	-31	68	-12	cell = 352 to 359
22	9	20	-29	62	-18	2	-61	cell = 360 to 367
63	-10	61	-21	59	0	49	21	cell = 368 to 375
56	6	59	-30	65	-13	30	1	cell = 376 to 383
45	-29	38	-8	9	15	46	-16	cell = 384 to 391
41	-29	25	7	78	-11	4	-13	cell = 392 to 399
78	16	56	-21	52	-10	31	6	cell = 400 to 407
71	-25	18	-19	69	-5	47	11	cell = 408 to 415
46	31	13	-8	78	0	62	-3	cell = 416 to 423
27	18	44	20	25	-37	-15	-14	cell = 424 to 431
77	-10	32	23	39	0	62	19	cell = 432 to 439
56	-6	-36	-19	22	-27	69	-38	cell = 440 to 447
44	-19	40	-18	29	0	46	19	cell = 448 to 455
-5	6	29	35	52	-25	55	17	cell = 456 to 463
62	4	25	-22	57	5	56	24	cell = 464 to 471
25	-13	37	13	25	-24	64	16	cell = 472 to 479
1	-5	21	19	95	16	55	-22	cell = 480 to 487
32	-11	35	11	18	-18	18	-5	cell = 488 to 495
40	-19	-40	-81	-69	-68	-25	-84	cell = 496 to 503
34	7	41	13	50	15	15	-11	cell = 504 to 511
-46	9	0	-15	-18	-59	17	-12	cell = 512 to 519
-30	-38	-44	-18	-61	-23	-35	-5	cell = 520 to 527
-33	-48	-58	-39	-16	-25	-4	11	cell = 528 to 535
-23	4	-28	-26	-6	-41	-13	-3	cell = 536 to 543
-43	-23	-32	-44	-35	-3	-41	2	cell = 544 to 551
-38	-14	-13	-13	-25	16	-28	-29	cell = 552 to 559
-41	-28	-36	-27	0	-20	-52	-21	cell = 560 to 567
-71	-35	-28	-32	-11	-19	-8	-3	cell = 568 to 575
0	-37	-80	-24	18	-54	-64	-34	cell = 576 to 583
1	-7	-15	-29	14	-23	-18	-31	cell = 584 to 591
5	41	-39	-14	-36	-22	-24	-45	cell = 592 to 599
-28	-19	-11	14	-15	-16	-35	37	cell = 600 to 607
-10	-22	-26	2	-23	22	-31	14	cell = 608 to 615
-29	1	-9	-17	-36	-3	-30	-36	cell = 616 to 623
-3	-14	-12	-37	11	-38	-60	-26	cell = 624 to 631
-3	-29	-56	-17	9	-40	-41	-50	cell = 632 to 639
-64	2	-18	6	-2	13	-32	-46	cell = 640 to 647
-19	3	-44	-18	-20	-27	-2	-6	cell = 648 to 655
-64	-44	-20	0	-5	-11	-7	-4	cell = 656 to 663
-23	-42	-6	-4	-22	-3	-22	-29	cell = 664 to 671
-24	3	-12	-15	-22	-39	-8	-10	cell = 672 to 679
-7	4	-41	-42	0	0	0	-19	cell = 680 to 687
4	-17	-44	-72	-24	-26	-4	-16	cell = 688 to 695
-11	-46	-17	-28	-14	-6	-49	-21	cell = 696 to 703
-15	0	-47	-28	-63	6	-14	29	cell = 704 to 711
-20	-29	-39	-45	14	-53	-6	-23	cell = 712 to 719
-49	0	-42	-39	1	-27	-42	0	cell = 720 to 727
-8	-17	-7	1	2	-77	-15	-3	cell = 728 to 735
-42	-4	-39	10	14	28	-54	-49	cell = 736 to 743
-44	-57	-4	4	-8	-21	-8	16	cell = 744 to 751
-14	-25	5	8	21	-3	-35	1	cell = 752 to 759
-32	-5	-45	-50	-36	-7	-47	-2	cell = 760 to 767
-31	-34	-13	-21	-35	-18	-47	16	cell = 768 to 775
-21	-60	-55	4	-49	-44	-29	1	cell = 776 to 783
-1	-29	14	30	-41	-28	-12	0	cell = 784 to 791
-38	-39	-18	-55	20	-20	-18	-37	cell = 792 to 799
-23	41	-27	11	-11	3	-76	-30	cell = 800 to 807
16	-38	3	-27	-38	6	0	-15	cell = 808 to 815
-47	-63	-32	-17	-35	-48	-7	-12	cell = 816 to 823
-13	9	-33	-56	-73	-10	15	-51	cell = 824 to 831
-43	-28	10	-46	9	-17	-3	-72	cell = 832 to 839
4	-24	-35	-2	-18	-28	0	-2	cell = 840 to 847
-51	16	-40	-36	-11	-50	-47	-1	cell = 848 to 855
17	33	29	14	-12	-1	-43	-5	cell = 856 to 863
-52	-63	5	-23	-33	-19	-13	5	cell = 864 to 871
16	-37	-43	-8	-34	-35	-12	-11	cell = 872 to 879
-17	7	-45	-17	-17	0	-50	26	cell = 880 to 887
-34	-20	-39	-18	-57	-11	18	5	cell = 888 to 895
13	-35	-10	-31	-62	-13	-45	14	cell = 896 to 903
7	-64	-25	38	38	-52	14	0	cell = 904 to 911
1	-27	0	-27	-40	9	-5	-21	cell = 912 to 919
6	-32	-39	10	9	-23	7	5	cell = 920 to 927
23	3	14	9	-25	30	-11	-29	cell = 928 to 935
-12	31	-34	-11	-4	-5	-34	3	cell = 936 to 943
-11	-32	15	-39	-2	-62	-14	-7	cell = 944 to 951
-19	-19	-50	-22	29	-50	-59	-50	cell = 952 to 959
18	-28	-39	-10	-40	-4	-48	-37	cell = 960 to 967
14	-51	22	0	-1	-1	19	-33	cell = 968 to 975
20	-21	-38	5	-41	22	-5	-24	cell = 976 to 983
-2	-48	-24	-14	1	-9	-49	-11	cell = 984 to 991
6	-17	-34	-31	7	-36	-1	31	cell = 992 to 999
-6	1	-3	-20	-30	-49	-16	-4	cell = 1000 to 1007
-3	-12	-32	0	-1	5	-29	-22	cell = 1008 to 1015
-16	-23	-6	-34	-24	-46	-60	-51	cell = 1016 to 1023
Calibration values from cell 0 to 1024 for channel 2:

59	-19	1	-35	47	-3	92	31	cell = 0 to 7
28	38	73	-13	22	-10	39	26	cell = 8 to 15
46	-33	75	5	32	-5	35	-25	cell = 16 to 23
29	-43	84	24	37	11	37	-37	cell = 24 to 31
99	-33	41	-62	70	11	55	-48	cell = 32 to 39
41	6	56	1	53	-28	17	-23	cell = 40 to 47
28	-15	8	6	33	6	92	0	cell = 48 to 55
38	-24	55	-18	20	-21	34	-12	cell = 56 to 63
28	-18	47	-54	37	-21	70	-8	cell = 64 to 71
33	-4	10	-9	36	7	58	-14	cell = 72 to 79
33	-21	56	-30	38	16	58	-18	cell = 80 to 87
57	-29	53	-29	50	-12	58	-14	cell = 88 to 95
54	-8	30	-13	27	15	45	-10	cell = 96 to 103
62	6	35	8	59	-14	29	9	cell = 104 to 111
66	-9	46	50	65	6	82	-12	cell = 112 to 119
49	-34	51	-24	55	22	32	-50	cell = 120 to 127
42	-3	89	-3	64	29	8	4	cell = 128 to 135
75	21	53	27	27	-32	51	30	cell = 136 to 143
43	-13	85	15	9	49	18	17	cell = 144 to 151
29	35	58	-8	31	5	44	3	cell = 152 to 159
44	-15	15	-22	62	-24	59	-7	cell = 160 to 167
38	22	53	-3	21	-12	53	-21	cell = 168 to 175
53	8	9	-4	5	-17	60	-13	cell = 176 to 183
4	8	35	-12	90	-8	54	12	cell = 184 to 191
67	-18	14	-5	0	-11	31	-38	cell = 192 to 199
78	-7	0	-8	27	-38	26	-11	cell = 200 to 207
64	21	20	-30	47	-20	-1	16	cell = 208 to 215
44	14	32	-10	0	-9	45	27	cell = 216 to 223
32	-32	59	-9	54	-28	40	-17	cell = 224 to 231
49	-22	47	11	54	5	73	-29	cell = 232 to 239
32	24	34	33	83	-24	31	10	cell = 240 to 247
65	5	35	29	33	-15	-17	-19	cell = 248 to 255
55	5	46	2	45	17	21	-38	cell = 256 to 263
46	-17	39	29	19	-17	25	-12	cell = 264 to 271
18	-3	48	-11	22	-12	-8	-20	cell = 272 to 279
47	-8	35	-23	21	-18	65	-39	cell = 280 to 287
39	15	104	-8	41	3	29	-13	cell = 288 to 295
64	16	56	17	8	14	35	-20	cell = 296 to 303
46	50	68	7	44	-22	48	-14	cell = 304 to 311
65	-44	48	-6	52	11	45	6	cell = 312 to 319
34	8	63	8	47	-19	15	-11	cell = 320 to 327
28	13	22	10	23	-16	37	30	cell = 328 to 335
62	-54	2	-26	36	-8	0	14	cell = 336 to 343
11	-22	59	4	14	-48	21	-4	cell = 344 to 351
57	49	23	-23	17	10	48	0	cell = 352 to 359
21	-11	56	28	50	-23	68	-4	cell = 360 to 367
32	13	93	-25	11	19	61	-41	cell = 368 to 375
49	-31	57	14	32	-42	24	-13	cell = 376 to 383
18	-8	21	-21	69	1	11	4	cell = 384 to 391
43	-18	63	2	50	-46	35	-29	cell = 392 to 399
14	-12	52	3	51	-18	39	-64	cell = 400 to 407
27	-8	39	-9	39	-14	9	12	cell = 408 to 415
17	-19	27	-33	50	-20	60	-35	cell = 416 to 423
31	-25	32	-20	50	-28	48	30	cell = 424 to 431
29	-31	49	5	64	-9	42	-29	cell = 432 to 439
50	-13	37	-20	63	-29	32	12	cell = 440 to 447
48	28	6	0	41	6	10	-2	cell = 448 to 455
81	28	50	-28	14	6	45	-15	cell = 456 to 463
39	-11	59	-17	69	-10	20	-11	cell = 464 to 471
44	-24	71	3	46	-21	31	-29	cell = 472 to 479
33	-16	38	5	33	6	16	-28	cell = 480 to 487
18	11	37	18	-22	-2	43	-38	cell = 488 to 495
1	-11	-62	-76	-51	-108	-29	-81	cell = 496 to 503
34	-7	24	-29	-7	7	28	-21	cell = 504 to 511
-8	-38	4	-49	-3	-74	-32	-24	cell = 512 to 519
-71	-26	8	-22	-28	-38	-7	-22	cell = 520 to 527
16	-22	-23	15	-32	24	-25	-40	cell = 528 to 535
-28	2	29	6	-53	-3	-22	-27	cell = 536 to 543
-27	-16	-35	-25	-49	-43	0	-10	cell = 544 to 551
15	-21	-31	-13	13	-6	-7	-44	cell = 552 to 559
-23	-8	-50	-28	-13	18	12	-18	cell = 560 to 567
-30	-12	-58	-32	14	11	-18	-19	cell = 568 to 575
-11	-52	-40	19	-13	-28	30	-40	cell = 576 to 583
9	-21	-47	23	15	-6	-68	-38	cell = 584 to 591
-35	-36	-56	-70	-6	-34	-60	-31	cell = 592 to 599
-32	21	-58	-16	1	-54	-20	-25	cell = 600 to 607
-21	-48	2	-24	-18	-11	-7	-18	cell = 608 to 615
-3	-19	7	-10	-5	0	-15	-44	cell = 616 to 623
-34	-44	-6	2	9	-23	-33	21	cell = 624 to 631
15	-2	-5	-16	13	-17	-36	-21	cell = 632 to 639
-24	-34	1	-11	12	23	-58	-71	cell = 640 to 647
-13	0	-35	10	20	-66	-15	23	cell = 648 to 655
-13	13	-5	-11	12	-40	-9	-5	cell = 656 to 663
-35	11	-9	-43	-17	-41	-15	-5	cell = 664 to 671
-11	-1	-4	-52	-40	-55	-24	7	cell = 672 to 679
-4	-49	23	-46	-10	10	-52	-40	cell = 680 to 687
19	-8	49	-17	-7	16	8	12	cell = 688 to 695
-59	11	-32	-26	-50	-24	-8	-10	cell = 696 to 703
-62	1	4	-12	-10	5	4	-25	cell = 704 to 711
1	-21	-40	-7	-55	-18	-26	-48	cell = 712 to 719
-70	-11	17	10	-44	-29	-26	-2	cell = 720 to 727
-19	-67	-38	-11	-17	-4	-20	-19	cell = 728 to 735
-17	-48	-41	-46	-27	12	-10	-8	cell = 736 to 743
-18	-39	-4	31	25	-10	-6	-27	cell = 744 to 751
-47	-9	-13	-22	-8	-17	18	-23	cell = 752 to 759
-60	10	-36	-7	-9	-22	-31	-19	cell = 760 to 767
-30	-30	15	-12	-43	-39	-14	-54	cell = 768 to 775
-25	7	-21	-42	-20	-13	-16	-16	cell = 776 to 783
-8	-36	-8	-4	-8	-13	-23	-34	cell = 784 to 791
-37	-8	-19	-8	13	-33	-13	-10	cell = 792 to 799
-56	-32	-62	-32	7	16	24	-46	cell = 800 to 807
-33	3	7	-35	-13	-51	-2	2	cell = 808 to 815
-29	-41	-1	-8	14	-11	-17	-21	cell = 816 to 823
-2	12	-5	-24	0	-17	-18	-27	cell = 824 to 831
-39	-9	-9	-59	-4	-13	-17	-16	cell = 832 to 839
-24	9	-22	18	-30	-16	25	11	cell = 840 to 847
-6	-29	17	-17	-27	1	-59	-9	cell = 848 to 855
15	-28	-6	44	35	-2	35	1	cell = 856 to 863
-50	-18	-10	0	-37	4	-5	-24	cell = 864 to 871
9	-27	-17	-53	-24	-8	-23	-31	cell = 872 to 879
-67	24	-12	-8	-4	-1	-18	29	cell = 880 to 887
-48	7	-1	21	-6	-44	-19	6	cell = 888 to 895
2	-17	-5	-36	-18	0	-31	-54	cell = 896 to 903
-20	-45	-50	-29	9	-20	-39	10	cell = 904 to 911
-6	-13	-12	-25	-28	-7	7	6	cell = 912 to 919
-11	3	-11	-22	-3	-19	22	32	cell = 920 to 927
-29	-28	9	-51	5	-10	11	-46	cell = 928 to 935
-18	7	-19	-48	-14	-40	-50	-4	cell = 936 to 943
-18	-5	10	-19	-38	7	-9	-40	cell = 944 to 951
-66	30	-16	-64	-10	-3	2	-6	cell = 952 to 959
-33	-56	-9	-17	-30	1	7	-8	cell = 960 to 967
-17	-9	-42	20	-13	11	-37	-6	cell = 968 to 975
-43	-38	-32	-20	-30	-4	4	6	cell = 976 to 983
-11	-20	21	-6	-24	-2	10	-33	cell = 984 to 991
-23	-7	-7	-9	-21	6	1	-27	cell = 992 to 999
-10	7	-14	-36	24	3	-13	22	cell = 1000 to 1007
2	-3	-18	-14	-46	-11	-23	-42	cell = 1008 to 1015
-12	-4	6	-7	-50	12	-6	-10	cell = 1016 to 1023
Calibration values from cell 0 to 1024 for channel 3:

8	-13	62	5	13	2	58	0	cell = 0 to 7
46	-18	24	23	52	-9	40	-3	cell = 8 to 15
59	-3	27	7	37	3	87	3	cell = 16 to 23
100	21	83	-12	78	-5	35	-31	cell = 24 to 31
49	-12	64	0	36	-19	37	23	cell = 32 to 39
49	22	58	-1	34	-16	63	-13	cell = 40 to 47
36	9	49	15	72	6	-12	0	cell = 48 to 55
33	9	65	-14	52	-29	33	-33	cell = 56 to 63
88	-37	99	21	42	-33	64	-3	cell = 64 to 71
15	6	32	-14	1	6	59	24	cell = 72 to 79
67	12	45	8	48	17	32	2	cell = 80 to 87
37	11	57	10	40	12	24	-40	cell = 88 to 95
45	33	80	-15	47	5	75	25	cell = 96 to 103
72	4	52	35	44	-14	50	1	cell = 104 to 111
39	-14	76	32	51	0	28	3	cell = 112 to 119
30	-43	58	-35	9	7	38	-15	cell = 120 to 127
88	1	49	-26	75	-14	38	13	cell = 128 to 135
49	35	44	-12	41	-30	35	1	cell = 136 to 143
30	7	83	-14	13	-26	54	-33	cell = 144 to 151
41	-31	28	-12	82	19	55	-17	cell = 152 to 159
18	-17	24	-27	15	7	76	15	cell = 160 to 167
29	22	21	-43	51	13	50	-20	cell = 168 to 175
51	13	30	-19	92	-9	95	18	cell = 176 to 183
70	-11	41	-3	76	28	38	-2	cell = 184 to 191
45	23	37	4	45	-38	90	-21	cell = 192 to 199
16	-25	32	-32	37	-28	42	-17	cell = 200 to 207
24	-14	61	-26	68	-5	8	9	cell = 208 to 215
28	12	44	8	50	18	64	-21	cell = 216 to 223
62	-5	75	1	57	15	24	-17	cell = 224 to 231
22	-46	56	-9	53	0	30	-4	cell = 232 to 239
61	-7	15	33	71	-4	16	0	cell = 240 to 247
9	33	35	-23	44	-25	62	8	cell = 248 to 255
63	-1	84	-30	28	44	29	-4	cell = 256 to 263
22	-6	37	12	48	31	9	-54	cell = 264 to 271
35	-12	54	30	33	-6	28	5	cell = 272 to 279
29	-24	69	-16	55	-31	48	-57	cell = 280 to 287
94	-6	25	-64	69	23	35	-28	cell = 288 to 295
31	20	56	25	78	-38	78	-1	cell = 296 to 303
52	-26	24	-3	68	9	57	-17	cell = 304 to 311
62	20	-22	-27	83	-14	58	15	cell = 312 to 319
47	-12	75	-2	57	-9	75	-36	cell = 320 to 327
-3	-19	69	-6	50	19	33	-23	cell = 328 to 335
54	-19	53	-26	14	18	59	11	cell = 336 to 343
25	21	79	-27	45	-20	35	15	cell = 344 to 351
49	-43	26	19	31	9	67	-43	cell = 352 to 359
18	-21	44	7	23	7	38	-12	cell = 360 to 367
32	9	41	-40	55	-36	52	-34	cell = 368 to 375
25	-17	59	-14	31	19	50	-1	cell = 376 to 383
43	11	46	-10	41	20	19	-39	cell = 384 to 391
92	-23	60	-47	37	16	33	-33	cell = 392 to 399
44	32	45	0	3	21	59	-20	cell = 400 to 407
46	-9	39	-36	28	0	56	-5	cell = 408 to 415
54	10	60	-6	28	-14	33	-36	cell = 416 to 423
60	13	55	-4	25	-21	60	-62	cell = 424 to 431
40	9	38	-16	45	6	62	-34	cell = 432 to 439
38	23	57	1	32	3	37	38	cell = 440 to 447
75	9	35	2	73	-22	42	-10	cell = 448 to 455
39	-16	49	-56	-5	-35	49	-24	cell = 456 to 463
37	0	67	31	49	-11	68	-13	cell = 464 to 471
58	-38	67	-21	25	-56	73	2	cell = 472 to 479
34	-65	32	12	29	-1	30	7	cell = 480 to 487
-5	-27	0	-25	74	4	25	-17	cell = 488 to 495
61	14	-38	-85	-50	-59	-11	-94	cell = 496 to 503
41	-5	51	-10	16	-42	15	-23	cell = 504 to 511
11	-2	-38	-24	-46	-40	-33	-25	cell = 512 to 519
2	3	-15	-28	-26	-15	-26	-13	cell = 520 to 527
-56	-19	-44	12	16	-49	-9	-22	cell = 528 to 535
-45	-50	-21	-66	-9	-47	5	-8	cell = 536 to 543
-28	-21	0	-46	-17	3	-41	-44	cell = 544 to 551
-24	-39	-5	10	-31	8	-19	-16	cell = 552 to 559
-18	10	-37	-41	-18	23	2	13	cell = 560 to 567
-34	8	-49	-19	-13	13	-28	-21	cell = 568 to 575
-16	-48	-25	-33	-35	-26	-49	-47	cell = 576 to 583
-10	-6	-23	-58	15	-24	-17	-11	cell = 584 to 591
-63	-13	-35	-11	-4	-17	-35	-29	cell = 592 to 599
-73	-38	-28	-7	-44	-46	-41	-6	cell = 600 to 607
-41	0	5	-72	-23	-6	-32	18	cell = 608 to 615
-11	-39	-34	16	-20	31	1	1	cell = 616 to 623
-16	-15	-15	7	1	-54	-50	-31	cell = 624 to 631
9	-34	-5	-43	-3	-23	-33	-33	cell = 632 to 639
-33	-12	-8	-41	-20	-29	5	-49	cell = 640 to 647
-12	-95	-46	-23	11	-31	-24	-25	cell = 648 to 655
-8	-36	5	-21	-15	-46	1	4	cell = 656 to 663
-15	-10	-20	-41	-9	-36	10	-56	cell = 664 to 671
-8	5	-49	-16	-28	14	-12	-26	cell = 672 to 679
-24	3	17	-19	4	-20	-38	-16	cell = 680 to 687
-34	27	10	0	-51	-45	-19	2	cell = 688 to 695
-35	-24	-22	-54	0	-27	15	-9	cell = 696 to 703
-19	-12	-44	9	10	-32	-15	-59	cell = 704 to 711
-39	4	-6	-16	1	14	-61	-40	cell = 712 to 719
-18	-14	-43	-18	-14	-33	25	-22	cell = 720 to 727
-8	-11	-25	-16	-4	-24	-45	-11	cell = 728 to 735
-44	0	-15	-32	-30	-16	-14	-29	cell = 736 to 743
-11	-65	-29	7	-14	-14	-18	13	cell = 744 to 751
14	14	-68	-22	-35	13	-10	-11	cell = 752 to 759
-50	-10	-3	-27	-23	15	-16	15	cell = 760 to 767
-24	-29	-1	-54	-44	-6	-16	-39	cell = 768 to 775
-4	-1	-30	8	-31	-33	2	-64	cell = 776 to 783
-15	-40	-21	-24	25	5	-52	-26	cell = 784 to 791
1	10	5	-16	-41	7	6	5	cell = 792 to 799
-13	-27	-64	26	-37	-16	9	-45	cell = 800 to 807
-24	-14	5	-33	-57	-18	-17	-55	cell = 808 to 815
0	-23	-39	-33	-13	31	0	-12	cell = 816 to 823
-1	-26	-27	-13	-12	-15	-10	-10	cell = 824 to 831
-36	14	3	-37	-20	-24	-22	-37	cell = 832 to 839
16	-17	-52	-12	-20	-33	-37	-36	cell = 840 to 847
-5	44	-14	0	-24	5	-30	-13	cell = 848 to 855
-2	-23	-18	-48	4	-15	-23	-24	cell = 856 to 863
-19	-34	-17	-31	-3	-8	-61	-41	cell = 864 to 871
-3	-36	-15	-23	-20	-14	-9	15	cell = 872 to 879
-12	2	-25	1	-1	-32	3	-16	cell = 880 to 887
-25	20	-8	-35	11	-31	-31	-21	cell = 888 to 895
39	-16	-44	23	0	25	-11	-43	cell = 896 to 903
-25	-2	-5	-16	-29	5	-28	-29	cell = 904 to 911
-13	-17	-12	-17	-86	-1	16	-22	cell = 912 to 919
-6	-3	-71	-13	-14	1	41	-14	cell = 920 to 927
-11	-46	-29	-30	-6	12	6	-38	cell = 928 to 935
-18	-11	-52	-8	11	-22	11	-29	cell = 936 to 943
-24	-40	1	6	-12	-7	-43	-51	cell = 944 to 951
5	-5	-49	-5	4	-30	-58	-34	cell = 952 to 959
-61	-24	-8	-29	-23	-20	32	-30	cell = 960 to 967
-17	1	-41	-45	-12	-17	-42	-35	cell = 968 to 975
-22	-14	-63	-34	-31	-56	-15	5	cell = 976 to 983
-45	-29	-11	-22	-42	-40	4	4	cell = 984 to 991
-46	-4	22	-48	-51	0	-35	-6	cell = 992 to 999
-21	-36	-51	-40	-3	-27	-35	-7	cell = 1000 to 1007
-44	7	-6	-2	-52	-29	-1	-29	cell = 1008 to 1015
28	-16	-45	3	-29	-33	-67	-14	cell = 1016 to 1023
Calibration values from cell 0 to 1024 for channel 4:

95	3	72	15	47	-36	47	5	cell = 0 to 7
69	-8	63	-11	35	-19	28	-17	cell = 8 to 15
46	23	36	6	48	8	34	-4	cell = 16 to 23
18	-12	59	-31	20	53	70	-16	cell = 24 to 31
34	-2	18	2	37	-16	35	-6	cell = 32 to 39
21	-20	57	-14	69	0	48	-12	cell = 40 to 47
39	-34	60	-8	72	11	76	-15	cell = 48 to 55
55	-39	57	-28	49	-8	69	-4	cell = 56 to 63
15	13	45	-35	85	-2	38	-38	cell = 64 to 71
40	-13	67	-25	59	-24	36	-15	cell = 72 to 79
20	4	61	-4	21	21	46	-6	cell = 80 to 87
40	-15	30	-3	59	-2	64	-9	cell = 88 to 95
33	5	61	-24	25	-9	49	-8	cell = 96 to 103
56	12	76	-44	75	3	45	16	cell = 104 to 111
60	32	61	-9	69	31	85	-27	cell = 112 to 119
65	-5	44	-13	38	-5	45	-15	cell = 120 to 127
33	7	66	-32	52	12	24	-11	cell = 128 to 135
13	14	42	33	-5	-40	16	22	cell = 136 to 143
53	-15	59	-39	38	5	53	10	cell = 144 to 151
14	-24	60	-7	26	-4	96	42	cell = 152 to 159
57	10	49	6	11	-22	31	21	cell = 160 to 167
83	-30	28	-17	48	-6	21	9	cell = 168 to 175
60	9	40	26	36	-18	48	7	cell = 176 to 183
19	9	13	21	21	-12	14	-41	cell = 184 to 191
47	1	61	-12	71	-24	53	-11	cell = 192 to 199
41	38	68	-33	54	-10	26	-28	cell = 200 to 207
63	-49	30	-11	23	-7	89	21	cell = 208 to 215
26	36	83	-11	38	20	55	6	cell = 216 to 223
76	-22	22	-7	50	0	42	-28	cell = 224 to 231
34	-43	62	46	39	-43	46	-27	cell = 232 to 239
60	-27	37	-19	37	-25	46	27	cell = 240 to 247
71	-1	33	-10	57	-21	55	-8	cell = 248 to 255
69	-2	58	6	25	-21	61	-42	cell = 256 to 263
14	-12	61	0	91	-54	52	-30	cell = 264 to 271
28	-36	45	-17	57	-18	28	-5	cell = 272 to 279
89	-9	57	13	94	-9	28	3	cell = 280 to 287
5	-50	63	-29	26	-62	8	-14	cell = 288 to 295
-8	-14	12	-26	57	-3	86	0	cell = 296 to 303
54	-19	25	12	47	7	23	-10	cell = 304 to 311
25	-4	42	-25	47	-24	31	-32	cell = 312 to 319
45	-41	50	-40	53	-15	37	-13	cell = 320 to 327
67	-24	29	17	64	-27	26	-40	cell = 328 to 335
66	21	66	-22	67	-8	73	-23	cell = 336 to 343
-3	-24	26	-17	61	23	10	35	cell = 344 to 351
31	2	24	-4	42	8	23	22	cell = 352 to 359
30	12	70	23	66	8	93	-33	cell = 360 to 367
44	-5	42	10	57	30	32	-10	cell = 368 to 375
41	-9	49	-24	90	-18	83	0	cell = 376 to 383
43	-49	47	-26	66	-26	49	-27	cell = 384 to 391
62	-13	54	-2	60	-10	26	9	cell = 392 to 399
53	-12	39	-11	-5	10	28	5	cell = 400 to 407
32	2	65	-12	48	-8	0	-5	cell = 408 to 415
56	6	39	-15	38	-36	9	-58	cell = 416 to 423
-8	-21	12	15	86	-14	30	-22	cell = 424 to 431
39	-20	39	26	64	-52	51	4	cell = 432 to 439
55	8	75	10	39	-8	24	-7	cell = 440 to 447
59	27	44	-10	49	-25	30	-22	cell = 448 to 455
1	7	-9	-25	22	6	5	31	cell = 456 to 463
91	1	46	10	39	-13	51	-12	cell = 464 to 471
38	-5	19	-36	-2	-55	42	15	cell = 472 to 479
32	-18	16	-19	39	-30	22	4	cell = 480 to 487
-4	-22	28	24	26	-8	45	22	cell = 488 to 495
54	10	-1	-88	-26	-50	-46	-80	cell = 496 to 503
26	8	13	-2	14	-21	48	-33	cell = 504 to 511
14	-4	-28	-17	6	-4	-22	-2	cell = 512 to 519
-7	-16	-38	-53	-23	-24	17	-40	cell = 520 to 527
-61	-41	-28	-45	8	-19	-31	-61	cell = 528 to 535
33	28	-17	-11	-39	-31	-23	-30	cell = 536 to 543
-10	-36	18	-12	-24	-19	-44	-27	cell = 544 to 551
12	-3	-70	-3	-56	-3	-77	-30	cell = 552 to 559
-26	-34	-2	-12	-34	14	-25	-34	cell = 560 to 567
-24	-44	-20	-11	-23	-16	15	-28	cell = 568 to 575
4	-53	-7	-53	-52	13	-5	-54	cell = 576 to 583
-23	-11	-41	7	10	-61	-37	-40	cell = 584 to 591
-51	-9	-11	-22	0	-36	23	5	cell = 592 to 599
-13	-27	-22	-38	-33	-16	-42	-21	cell = 600 to 607
-30	-44	-30	-53	-8	-27	-5	-38	cell = 608 to 615
1	-12	-40	-53	32	-7	0	-71	cell = 616 to 623
-21	-35	-17	-36	-1	-47	8	7	cell = 624 to 631
-32	-31	-48	-17	13	-42	-44	-51	cell = 632 to 639
-46	-43	-12	-11	-19	-18	-42	-54	cell = 640 to 647
-64	-37	-3	-8	-29	-21	-30	0	cell = 648 to 655
-13	-30	-36	-11	7	-32	-22	-26	cell = 656 to 663
34	-62	-51	10	3	3	-5	26	cell = 664 to 671
-23	-14	-15	3	-5	-14	-22	-30	cell = 672 to 679
-13	5	-42	-29	3	-26	-13	-45	cell = 680 to 687
4	12	18	31	-26	-17	-9	-47	cell = 688 to 695
-6	4	-17	-3	-1	9	-47	-50	cell = 696 to 703
17	-45	-7	-48	-27	-19	-19	-44	cell = 704 to 711
-2	3	3	26	15	6	-18	-28	cell = 712 to 719
-40	-8	36	-50	-14	-9	-69	-50	cell = 720 to 727
29	4	9	-20	-35	36	39	-80	cell = 728 to 735
-25	-53	-46	9	-41	-3	-23	-2	cell = 736 to 743
-20	-45	-30	-13	-18	-6	17	-13	cell = 744 to 751
-4	-13	2	-9	-16	-19	-26	4	cell = 752 to 759
4	-10	-6	9	-27	-19	-15	-42	cell = 760 to 767
-30	-17	-52	-31	-43	-48	-40	-31	cell = 768 to 775
-8	-38	-43	-5	-18	-17	-45	-49	cell = 776 to 783
-59	-61	-43	-5	-47	0	-4	-48	cell = 784 to 791
-54	-52	-16	-16	-30	-28	-26	8	cell = 792 to 799
-11	-17	-11	5	7	-16	9	-23	cell = 800 to 807
4	11	34	7	-43	-40	-13	-3	cell = 808 to 815
23	13	30	-11	1	-29	-1	-11	cell = 816 to 823
16	-29	-25	-50	-28	0	-17	4	cell = 824 to 831
-25	-27	-40	-22	-36	-29	21	13	cell = 832 to 839
-35	-36	-6	-16	6	-19	24	-5	cell = 840 to 847
-12	-4	-58	-32	-16	-3	-26	-44	cell = 848 to 855
-30	-14	-10	-31	-37	-29	2	-35	cell = 856 to 863
-48	5	-6	-6	13	-15	-1	-25	cell = 864 to 871
3	-35	-15	-20	-64	-8	14	-44	cell = 872 to 879
13	-19	-12	12	8	20	-43	13	cell = 880 to 887
-31	-3	-6	-20	-9	-32	-3	-58	cell = 888 to 895
-3	-22	-14	10	-26	0	-31	-52	cell = 896 to 903
-3	-7	-19	0	-15	-44	-18	0	cell = 904 to 911
-25	-5	-17	-19	-9	-10	-29	18	cell = 912 to 919
-34	-44	-12	-11	7	-6	-12	-32	cell = 920 to 927
-43	-20	-23	-24	29	-59	-8	14	cell = 928 to 935
-26	-32	-40	11	-4	13	-15	8	cell = 936 to 943
-27	-24	9	-28	-18	1	28	16	cell = 944 to 951
-10	-12	-10	8	15	12	-47	32	cell = 952 to 959
-19	12	-41	-34	-17	-1	17	-14	cell = 960 to 967
-11	-43	14	-30	-1	-14	-4	-19	cell = 968 to 975
-17	-24	-13	-45	-24	-7	-15	-22	cell = 976 to 983
-10	-7	5	-24	7	-9	-29	21	cell = 984 to 991
-40	-67	-2	-27	14	-9	19	-21	cell = 992 to 999
41	-18	-35	-39	20	-15	6	-36	cell = 1000 to 1007
18	-30	-33	-26	-21	-15	-49	-25	cell = 1008 to 1015
0	-31	-21	-66	-4	-6	-41	-33	cell = 1016 to 1023
Calibration values from cell 0 to 1024 for channel 5:

19	-36	-2	-32	33	-32	50	-4	cell = 0 to 7
18	30	68	17	50	-21	67	19	cell = 8 to 15
65	-7	70	-30	52	-23	70	-7	cell = 16 to 23
39	-9	45	-37	19	-25	64	-11	cell = 24 to 31
48	-12	17	-3	53	7	72	-7	cell = 32 to 39
49	-19	62	5	23	-11	66	-12	cell = 40 to 47
43	-6	74	-13	46	-23	32	5	cell = 48 to 55
67	14	18	-4	60	-4	14	-8	cell = 56 to 63
74	-27	24	-7	60	2	54	-25	cell = 64 to 71
98	3	54	13	60	10	38	-5	cell = 72 to 79
23	-9	68	3	50	-27	48	26	cell = 80 to 87
26	-15	57	-1	28	2	59	-34	cell = 88 to 95
29	-26	31	-23	54	24	27	5	cell = 96 to 103
68	-19	28	17	24	-39	19	7	cell = 104 to 111
1	17	18	39	2	-8	72	9	cell = 112 to 119
65	-5	45	-44	54	15	16	-7	cell = 120 to 127
42	28	63	-31	26	-45	46	24	cell = 128 to 135
24	41	61	-38	-12	20	73	36	cell = 136 to 143
33	-41	38	1	33	12	52	5	cell = 144 to 151
103	28	64	7	2	-13	77	-24	cell = 152 to 159
51	7	46	-5	43	15	52	-21	cell = 160 to 167
31	-8	33	-30	46	-18	-8	8	cell = 168 to 175
46	-17	51	-12	65	-39	6	-29	cell = 176 to 183
68	-45	39	-9	21	-3	10	-36	cell = 184 to 191
61	-14	59	-43	1	-38	59	11	cell = 192 to 199
39	-16	73	-7	18	-59	28	-50	cell = 200 to 207
42	-8	18	-20	29	6	60	-16	cell = 208 to 215
48	51	44	-48	55	31	0	35	cell = 216 to 223
60	-7	80	26	35	-9	62	-37	cell = 224 to 231
59	-32	75	-13	14	12	72	16	cell = 232 to 239
73	-9	93	2	84	19	49	-18	cell = 240 to 247
29	0	51	20	68	-18	50	-18	cell = 248 to 255
3	-22	76	15	16	5	45	-33	cell = 256 to 263
41	-9	30	-13	29	-66	-6	1	cell = 264 to 271
36	-4	76	-10	31	-15	50	-3	cell = 272 to 279
46	-3	68	52	33	18	-6	6	cell = 280 to 287
24	-11	70	-17	21	-19	17	30	cell = 288 to 295
-16	-12	68	-10	54	4	49	-36	cell = 296 to 303
57	-47	44	-26	80	-15	51	29	cell = 304 to 311
16	-29	19	6	36	-40	40	-37	cell = 312 to 319
42	-45	71	-9	60	-57	23	-18	cell = 320 to 327
53	-7	28	-11	38	-4	12	2	cell = 328 to 335
42	-4	60	-22	40	-35	40	7	cell = 336 to 343
88	28	34	-14	34	50	28	-38	cell = 344 to 351
30	7	28	-18	44	-5	99	-3	cell = 352 to 359
44	-27	26	-18	62	5	-12	-29	cell = 360 to 367
37	-56	47	24	36	-40	42	-7	cell = 368 to 375
31	20	22	-15	37	-28	19	-27	cell = 376 to 383
18	-15	80	-13	57	11	18	-18	cell = 384 to 391
29	-42	45	-21	30	3	45	11	cell = 392 to 399
57	-18	45	-32	3	11	68	18	cell = 400 to 407
33	-63	48	-14	37	48	46	0	cell = 408 to 415
30	-9	78	-9	57	-31	41	-16	cell = 416 to 423
24	-43	59	-8	54	20	51	-44	cell = 424 to 431
55	-57	67	-18	63	-27	27	-14	cell = 432 to 439
33	-49	13	-34	70	15	31	-30	cell = 440 to 447
29	-32	-24	-7	50	23	16	-31	cell = 448 to 455
80	1	59	-30	41	-38	61	-19	cell = 456 to 463
51	5	-5	-4	31	-27	30	-1	cell = 464 to 471
39	-22	-5	-41	16	-11	14	16	cell = 472 to 479
40	41	41	12	27	17	88	-37	cell = 480 to 487
56	-5	44	17	1	3	13	32	cell = 488 to 495
43	-49	-32	-95	-51	-64	-4	-95	cell = 496 to 503
58	-3	47	2	45	-30	64	9	cell = 504 to 511
-31	-31	-31	2	-36	-64	-27	-22	cell = 512 to 519
-75	-29	-41	-26	-20	-13	-9	-13	cell = 520 to 527
-7	-31	-12	-59	-28	-16	-21	-42	cell = 528 to 535
-51	-38	16	-11	-7	-60	2	-22	cell = 536 to 543
4	-28	-27	-5	19	-52	-24	6	cell = 544 to 551
-20	-31	-26	-17	-7	5	-14	-14	cell = 552 to 559
-7	-33	10	-26	-26	-3	-22	-34	cell = 560 to 567
17	-27	-12	0	-30	-38	-3	-40	cell = 568 to 575
-16	-49	4	-28	16	-42	-15	-58	cell = 576 to 583
-38	11	-23	-2	-54	2	-6	-18	cell = 584 to 591
-39	-31	-4	-24	30	-19	-35	4	cell = 592 to 599
-4	-45	-58	-19	-8	-10	-1	-22	cell = 600 to 607
12	-37	3	-15	-53	-45	-8	36	cell = 608 to 615
-54	-15	12	-14	-22	-19	-10	-7	cell = 616 to 623
-25	-5	-44	15	-27	21	-1	20	cell = 624 to 631
10	-30	-28	27	-8	-30	4	-25	cell = 632 to 639
-19	-6	-23	8	-41	-12	-20	-37	cell = 640 to 647
20	-40	-28	-19	-14	14	-36	-9	cell = 648 to 655
-29	-23	-28	-20	4	-35	-23	-9	cell = 656 to 663
-10	-4	-25	-20	-22	30	-31	-46	cell = 664 to 671
-13	-26	9	-1	-44	-20	-27	4	cell = 672 to 679
-15	-22	15	-7	-7	-44	-24	-22	cell = 680 to 687
12	-8	-37	-39	-36	-30	-28	-5	cell = 688 to 695
-8	-13	-30	-21	-59	-8	-37	-51	cell = 696 to 703
-22	-35	-28	-6	-39	-28	-39	5	cell = 704 to 711
-23	-2	-25	-11	5	-27	-17	-71	cell = 712 to 719
-21	-20	-44	-38	-10	-8	27	-50	cell = 720 to 727
-30	-16	-16	-5	-5	1	8	-18	cell = 728 to 735
-21	-95	-22	-20	-36	-40	-4	-29	cell = 736 to 743
7	-18	-3	-10	-43	-25	-12	-38	cell = 744 to 751
-11	-24	2	-27	-32	-11	-20	-62	cell = 752 to 759
24	3	0	-26	2	-20	-9	16	cell = 760 to 767
-20	-9	-4	-41	-22	-19	-1	-6	cell = 768 to 775
-50	-16	-8	-3	-4	-32	21	-35	cell = 776 to 783
-36	-42	11	-13	-43	-20	-4	-20	cell = 784 to 791
-34	-20	-8	-31	-36	-18	6	0	cell = 792 to 799
-14	-43	24	-29	-12	-51	-29	2	cell = 800 to 807
12	28	-9	1	-5	-26	-9	-29	cell = 808 to 815
12	-34	-9	-3	-18	-4	-32	-3	cell = 816 to 823
-15	-26	-18	-15	-4	0	-23	-15	cell = 824 to 831
-28	-39	-11	-15	3	-11	-23	11	cell = 832 to 839
-30	-41	29	-17	-22	-66	-1	7	cell = 840 to 847
-20	-35	-26	3	14	-18	-11	14	cell = 848 to 855
0	-44	-8	-13	16	-61	20	-7	cell = 856 to 863
50	-14	4	-26	18	-9	40	-3	cell = 864 to 871
-4	-36	-19	-8	5	-30	-55	-50	cell = 872 to 879
-22	-25	-7	6	-30	15	-26	-14	cell = 880 to 887
-43	-32	6	-22	21	-19	5	-47	cell = 888 to 895
-33	-22	-24	26	27	-11	-15	18	cell = 896 to 903
-6	-22	-16	33	-40	-37	-23	-17	cell = 904 to 911
-5	-8	-6	3	3	-27	2	-24	cell = 912 to 919
29	12	-27	31	-43	26	4	-31	cell = 920 to 927
-28	-25	-41	-22	0	2	-27	3	cell = 928 to 935
-49	-4	-19	-38	-4	-28	-15	-27	cell = 936 to 943
-15	-28	-42	-30	11	-16	13	-7	cell = 944 to 951
15	-42	-42	-25	-47	-11	13	-36	cell = 952 to 959
-20	-29	12	-6	19	-26	-9	-30	cell = 960 to 967
4	-15	-41	0	-44	16	-11	-42	cell = 968 to 975
-25	-35	1	18	6	-17	-24	-7	cell = 976 to 983
-34	12	22	44	21	-27	-31	21	cell = 984 to 991
-25	-20	-10	14	-20	-41	-7	-26	cell = 992 to 999
-9	21	-4	-4	-36	50	10	-37	cell = 1000 to 1007
-48	-40	-29	-22	2	-55	-27	-57	cell = 1008 to 1015
-1	-18	0	-21	-29	1	3	-30	cell = 1016 to 1023
Calibration values from cell 0 to 1024 for channel 6:

52	-10	70	-12	57	-8	33	-19	cell = 0 to 7
79	18	1	-23	82	-5	53	-22	cell = 8 to 15
21	-19	51	8	55	15	43	-7	cell = 16 to 23
21	8	41	-20	2	24	56	15	cell = 24 to 31
48	-6	47	-6	74	-26	70	-37	cell = 32 to 39
75	-12	29	-29	27	-25	40	12	cell = 40 to 47
50	14	82	-24	43	37	35	-4	cell = 48 to 55
63	-11	13	-9	89	23	35	47	cell = 56 to 63
22	-13	17	7	23	-39	29	20	cell = 64 to 71
68	-50	46	-2	95	37	39	-22	cell = 72 to 79
86	-18	39	-8	33	1	75	11	cell = 80 to 87
88	0	48	-21	43	-13	38	-3	cell = 88 to 95
40	8	39	-11	59	-55	92	-18	cell = 96 to 103
45	-28	70	5	65	20	81	-13	cell = 104 to 111
89	5	80	-4	41	-39	39	-9	cell = 112 to 119
12	9	35	-29	32	-12	40	-14	cell = 120 to 127
56	-15	84	-10	40	26	44	1	cell = 128 to 135
45	0	91	18	41	-10	58	45	cell = 136 to 143
44	-35	40	28	77	-1	50	23	cell = 144 to 151
48	-32	60	-31	77	5	33	-28	cell = 152 to 159
62	43	97	-33	37	-30	49	16	cell = 160 to 167
47	-40	56	-55	-10	43	60	-31	cell = 168 to 175
32	9	38	25	72	-17	51	-31	cell = 176 to 183
41	-10	3	-2	70	25	16	3	cell = 184 to 191
30	-5	31	-5	54	-10	80	-51	cell = 192 to 199
56	-32	0	-15	42	-24	56	-17	cell = 200 to 207
54	-13	34	-7	53	15	32	1	cell = 208 to 215
21	-42	26	10	69	-10	20	-30	cell = 216 to 223
70	7	48	16	22	-35	36	-24	cell = 224 to 231
46	-13	42	-40	22	6	46	6	cell = 232 to 239
30	-38	86	-7	40	-15	92	-9	cell = 240 to 247
68	24	26	-30	10	-10	1	0	cell = 248 to 255
34	-40	47	13	-12	5	55	3	cell = 256 to 263
70	-25	-17	-25	85	-35	43	25	cell = 264 to 271
63	-7	39	8	93	2	29	-12	cell = 272 to 279
32	-24	68	-6	21	-13	19	-24	cell = 280 to 287
47	-19	18	-13	26	-13	49	-9	cell = 288 to 295
85	-4	62	42	34	-15	55	-17	cell = 296 to 303
41	-16	28	-35	60	-29	45	-8	cell = 304 to 311
36	1	76	-22	45	-26	42	15	cell = 312 to 319
38	-54	-8	-11	41	-11	3	12	cell = 320 to 327
30	-26	27	-28	65	11	48	-39	cell = 328 to 335
52	-32	61	-4	58	16	63	1	cell = 336 to 343
59	5	67	-1	51	-14	25	-30	cell = 344 to 351
25	-34	38	-39	56	-39	52	12	cell = 352 to 359
25	-25	31	-4	46	3	39	-22	cell = 360 to 367
67	0	6	-30	9	-29	45	-23	cell = 368 to 375
33	4	50	-21	27	9	45	-9	cell = 376 to 383
43	20	41	-5	69	-6	37	-4	cell = 384 to 391
33	15	67	-6	16	-19	16	16	cell = 392 to 399
59	11	12	-31	2	-53	44	-2	cell = 400 to 407
59	-45	38	2	22	-20	1	-26	cell = 408 to 415
17	1	44	22	98	-29	25	-3	cell = 416 to 423
26	-4	35	-38	15	-14	47	8	cell = 424 to 431
45	-13	38	-10	47	-42	38	-40	cell = 432 to 439
59	-17	31	-53	58	-35	36	-15	cell = 440 to 447
29	-23	20	16	34	-6	70	12	cell = 448 to 455
37	-41	26	-13	44	-5	87	-14	cell = 456 to 463
9	26	29	-26	53	29	16	-12	cell = 464 to 471
113	-19	19	-37	43	-38	41	10	cell = 472 to 479
76	-20	17	-19	37	-11	34	-25	cell = 480 to 487
-10	12	-11	-56	86	-14	48	-9	cell = 488 to 495
12	11	-12	-51	-56	-125	-33	-99	cell = 496 to 503
55	1	44	-36	14	-59	40	-29	cell = 504 to 511
-5	8	25	-42	35	-23	-30	-37	cell = 512 to 519
-29	-20	-3	4	-18	-26	-68	-16	cell = 520 to 527
-32	11	-44	-36	-23	-48	-5	-42	cell = 528 to 535
-22	17	18	-69	-24	-46	-13	5	cell = 536 to 543
-9	-43	6	-20	-58	-15	-57	-87	cell = 544 to 551
1	-41	-8	-7	-10	-24	-3	-33	cell = 552 to 559
-35	-16	12	-16	-19	26	-49	0	cell = 560 to 567
-15	-25	6	-24	-54	-36	-48	-32	cell = 568 to 575
-17	15	-13	-37	-30	-23	-7	-8	cell = 576 to 583
-9	-12	-25	-35	-15	22	-10	33	cell = 584 to 591
-33	-23	15	-45	16	-25	-7	-27	cell = 592 to 599
-36	6	17	-50	-13	13	3	41	cell = 600 to 607
-24	-46	-16	-57	-26	12	-16	-11	cell = 608 to 615
-27	-20	4	-26	14	-13	-21	-42	cell = 616 to 623
-14	-10	-30	-10	-35	-20	-19	-15	cell = 624 to 631
1	-29	5	23	-27	-58	29	-42	cell = 632 to 639
-31	-22	3	-31	-9	-26	-2	-30	cell = 640 to 647
-5	-34	-46	-28	-10	-36	-23	-45	cell = 648 to 655
-10	0	20	-43	-25	-21	-34	-2	cell = 656 to 663
-2	-28	-9	-32	4	-14	-3	-34	cell = 664 to 671
-22	27	-21	-63	-24	-8	-13	2	cell = 672 to 679
16	8	32	-41	11	-6	-14	-38	cell = 680 to 687
-33	-36	-48	-18	-4	-27	-20	-56	cell = 688 to 695
-55	-48	6	-16	7	-31	-7	18	cell = 696 to 703
-22	-39	-30	-41	3	-30	20	-13	cell = 704 to 711
-33	-18	-9	-5	-24	7	-45	-8	cell = 712 to 719
-11	-41	15	-23	-6	-27	11	-19	cell = 720 to 727
-6	3	-42	-3	-24	-1	-1	-39	cell = 728 to 735
-13	-33	-26	-8	-44	-15	-47	-29	cell = 736 to 743
-31	-33	-32	7	-12	-9	-3	20	cell = 744 to 751
-8	-26	57	-43	17	-35	-42	-15	cell = 752 to 759
-19	-18	2	23	-34	-14	-27	-53	cell = 760 to 767
-39	-5	15	-25	-22	-31	4	-53	cell = 768 to 775
-28	-10	-23	-43	12	-3	30	-14	cell = 776 to 783
-45	-6	-27	-15	-34	-41	-35	20	cell = 784 to 791
17	-29	27	0	-11	-32	-19	-16	cell = 792 to 799
-41	-29	11	5	-58	-20	-34	-49	cell = 800 to 807
-28	-10	-30	-43	-52	-13	8	-8	cell = 808 to 815
-31	-12	-38	-48	-32	-9	-13	22	cell = 816 to 823
-46	-57	-25	-6	-53	-48	-19	-1	cell = 824 to 831
-21	17	34	9	16	-52	-22	-17	cell = 832 to 839
-18	-24	3	15	-3	32	-41	13	cell = 840 to 847
3	-13	-15	-3	-57	-8	5	-29	cell = 848 to 855
-9	38	-24	-44	-17	-24	-9	-18	cell = 856 to 863
-8	-6	-10	-11	-15	7	0	8	cell = 864 to 871
-40	-22	-21	-16	-57	-7	-21	-10	cell = 872 to 879
-25	3	8	-7	-80	-3	-8	15	cell = 880 to 887
-11	-24	-29	-80	-9	-10	6	-40	cell = 888 to 895
29	-7	19	-49	-23	29	4	-8	cell = 896 to 903
-14	-24	-7	-18	-50	-8	-35	-27	cell = 904 to 911
-21	18	3	12	-21	-26	-39	4	cell = 912 to 919
-17	-15	-25	-26	-29	0	-9	-35	cell = 920 to 927
25	-24	21	-30	-20	21	1	-64	cell = 928 to 935
-30	5	-14	-23	12	-8	-27	10	cell = 936 to 943
-40	-25	-28	-15	-55	-11	11	-43	cell = 944 to 951
8	-35	-41	-6	-7	13	16	15	cell = 952 to 959
2	-17	-28	-42	-6	-63	-20	-41	cell = 960 to 967
2	17	-32	-21	-4	-4	-18	-41	cell = 968 to 975
12	20	-20	-38	-21	-13	-29	33	cell = 976 to 983
8	6	24	-11	-35	26	-19	-41	cell = 984 to 991
-31	-41	-19	12	-13	-26	-9	-40	cell = 992 to 999
-21	-25	-50	-15	15	-32	-41	-24	cell = 1000 to 1007
16	-24	-36	-17	-15	-25	-39	14	cell = 1008 to 1015
24	-41	-13	-18	5	6	-14	-34	cell = 1016 to 1023
Calibration values from cell 0 to 1024 for channel 7:

32	-30	17	-51	62	-59	60	-22	cell = 0 to 7
26	1	17	-29	32	-34	57	-16	cell = 8 to 15
23	-9	93	17	48	16	76	-33	cell = 16 to 23
72	11	34	47	51	-5	41	-42	cell = 24 to 31
66	-4	31	-12	55	-19	30	-63	cell = 32 to 39
37	2	50	-4	28	-20	23	-16	cell = 40 to 47
34	0	36	9	39	31	32	-7	cell = 48 to 55
67	19	39	-2	5	-7	25	23	cell = 56 to 63
6	-5	50	-4	35	-27	19	-38	cell = 64 to 71
49	15	39	18	59	-31	29	22	cell = 72 to 79
64	18	36	-48	52	23	30	-25	cell = 80 to 87
76	11	27	-15	68	12	62	-18	cell = 88 to 95
85	-14	22	-30	-5	5	74	-4	cell = 96 to 103
65	-45	71	-7	20	-50	59	7	cell = 104 to 111
26	33	48	1	90	13	43	0	cell = 112 to 119
62	17	29	21	37	14	56	-18	cell = 120 to 127
53	37	10	3	74	10	57	21	cell = 128 to 135
28	0	49	1	45	-9	48	-14	cell = 136 to 143
48	28	41	-29	55	-22	69	-28	cell = 144 to 151
73	-2	21	7	33	-48	4	0	cell = 152 to 159
63	-50	77	-9	36	16	70	31	cell = 160 to 167
42	27	72	8	38	7	51	36	cell = 168 to 175
35	-10	66	-46	45	23	68	15	cell = 176 to 183
60	17	41	13	27	-25	50	0	cell = 184 to 191
56	-33	60	13	-6	-11	75	-9	cell = 192 to 199
31	-32	63	19	46	4	58	20	cell = 200 to 207
71	26	77	11	59	33	29	21	cell = 208 to 215
40	-15	51	4	25	3	15	-17	cell = 216 to 223
72	-3	63	-12	50	0	37	-7	cell = 224 to 231
27	46	28	-25	36	-46	72	31	cell = 232 to 239
21	-6	25	-16	53	-54	72	-26	cell = 240 to 247
48	19	41	12	13	4	7	-23	cell = 248 to 255
4	-62	80	6	51	-19	27	74	cell = 256 to 263
49	-52	37	-9	56	29	16	-24	cell = 264 to 271
33	4	29	8	82	24	21	-8	cell = 272 to 279
50	-20	58	-32	21	27	23	36	cell = 280 to 287
30	30	36	21	17	12	60	30	cell = 288 to 295
46	0	33	34	24	39	67	7	cell = 296 to 303
51	23	17	0	47	-4	29	-16	cell = 304 to 311
33	-64	49	2	48	13	26	-47	cell = 312 to 319
-1	-36	8	-6	46	21	20	-32	cell = 320 to 327
37	-15	60	17	63	-27	64	-39	cell = 328 to 335
52	-19	11	13	38	30	26	-51	cell = 336 to 343
81	-37	56	-29	22	-29	22	-12	cell = 344 to 351
46	-25	13	-1	63	-9	15	-32	cell = 352 to 359
42	-5	36	-14	80	12	30	-11	cell = 360 to 367
55	-36	26	-39	36	-8	24	-19	cell = 368 to 375
31	13	69	-3	38	-81	33	-13	cell = 376 to 383
42	-26	13	-7	21	-22	26	-11	cell = 384 to 391
27	2	31	-5	54	-7	59	-21	cell = 392 to 399
17	-21	18	13	61	38	29	-25	cell = 400 to 407
72	-17	17	-20	42	-17	41	16	cell = 408 to 415
66	-2	32	5	27	-23	51	-22	cell = 416 to 423
55	17	35	-52	46	-5	82	10	cell = 424 to 431
50	-5	84	-47	43	11	25	0	cell = 432 to 439
23	0	41	17	46	-34	14	19	cell = 440 to 447
26	-29	26	-52	59	-4	49	0	cell = 448 to 455
31	-24	44	-21	9	-19	22	-22	cell = 456 to 463
40	5	10	-21	10	-11	72	-53	cell = 464 to 471
-1	-21	26	-57	3	-35	58	-49	cell = 472 to 479
44	-42	48	8	1	45	53	-68	cell = 480 to 487
21	20	54	-26	-10	9	18	-12	cell = 488 to 495
14	-15	-21	-82	-44	-97	-33	-58	cell = 496 to 503
31	-9	26	-29	26	-17	36	3	cell = 504 to 511
-42	-19	-53	15	-38	-32	-19	-61	cell = 512 to 519
-58	-19	-15	-42	-26	-24	0	8	cell = 520 to 527
-19	-20	-14	-70	-13	28	-37	-35	cell = 528 to 535
-22	3	10	-2	-4	-42	-14	-41	cell = 536 to 543
-49	-11	-13	1	-14	10	-13	2	cell = 544 to 551
-18	22	25	-11	28	-6	-48	-30	cell = 552 to 559
-7	-5	-37	-33	1	-9	-19	-27	cell = 560 to 567
-2	-16	-36	-54	-56	7	-14	-39	cell = 568 to 575
-20	-65	-3	-7	5	-35	-36	-21	cell = 576 to 583
-43	-60	-21	-34	6	28	3	-30	cell = 584 to 591
-5	-41	-18	-8	-41	-15	-19	-46	cell = 592 to 599
-42	-12	-31	-26	-10	-10	-2	-24	cell = 600 to 607
-52	-53	4	6	16	-12	-52	-22	cell = 608 to 615
17	-10	14	-53	9	-53	-72	-22	cell = 616 to 623
-22	-20	-10	-40	-34	-49	0	6	cell = 624 to 631
-4	-26	-10	-36	0	-40	-56	-60	cell = 632 to 639
-27	-14	-48	-10	-70	-19	-17	-11	cell = 640 to 647
-4	-28	6	-28	4	-57	-17	1	cell = 648 to 655
-37	-51	-26	-32	-5	-41	-24	-17	cell = 656 to 663
-34	-15	11	-55	-37	5	-9	-37	cell = 664 to 671
-16	5	13	-16	-14	-36	-18	-9	cell = 672 to 679
-10	-18	-34	-54	20	-18	17	-20	cell = 680 to 687
-62	-25	-11	-28	-16	-41	-6	-36	cell = 688 to 695
-14	6	-43	-19	-28	-33	-44	20	cell = 696 to 703
-11	-63	-13	1	-15	-16	2	2	cell = 704 to 711
-12	10	-4	-37	24	0	-4	22	cell = 712 to 719
-10	-25	-17	-35	12	-23	-26	-10	cell = 720 to 727
-57	-42	-32	-47	20	4	-26	-24	cell = 728 to 735
-20	-16	15	-3	-13	-7	-43	-12	cell = 736 to 743
-33	39	-7	-10	3	-1	-5	0	cell = 744 to 751
-20	21	-35	-24	-33	-6	-33	-17	cell = 752 to 759
-14	-23	-6	14	-34	-20	-47	8	cell = 760 to 767
-25	2	-25	-39	-27	-16	-5	-6	cell = 768 to 775
-25	-5	-12	-17	-37	3	-17	-4	cell = 776 to 783
-47	-56	-1	-15	-46	5	7	7	cell = 784 to 791
21	-22	-21	-21	17	-19	-27	-32	cell = 792 to 799
-29	-36	2	-11	3	6	-36	-25	cell = 800 to 807
-22	-6	-20	11	6	-26	-16	-16	cell = 808 to 815
-5	-20	-24	-2	-30	-14	-22	21	cell = 816 to 823
-19	-55	-32	-30	-33	32	-15	-6	cell = 824 to 831
2	-39	-5	-23	-5	-17	-22	-26	cell = 832 to 839
0	2	-15	6	-12	-17	-17	-58	cell = 840 to 847
-32	-35	16	-27	-46	-40	-9	-63	cell = 848 to 855
-35	-15	-5	12	-9	-35	3	-10	cell = 856 to 863
18	11	-7	-24	-21	-23	-29	-35	cell = 864 to 871
5	47	12	-36	7	2	-1	5	cell = 872 to 879
-31	-5	-20	13	-41	20	34	-59	cell = 880 to 887
-15	17	-15	-41	-41	13	13	8	cell = 888 to 895
-31	-31	44	-39	-26	19	-12	33	cell = 896 to 903
4	-7	-10	-27	-17	2	-14	-12	cell = 904 to 911
2	-17	-24	-35	-48	-5	6	1	cell = 912 to 919
-16	-18	-32	-45	3	13	12	-43	cell = 920 to 927
-32	-35	-18	18	-8	-36	-26	4	cell = 928 to 935
-19	-2	35	0	-47	-40	-4	15	cell = 936 to 943
-6	-32	4	-7	-17	-41	42	-1	cell = 944 to 951
9	-12	-23	-38	-42	-11	21	9	cell = 952 to 959
-37	-13	-22	-37	-38	-31	-61	-19	cell = 960 to 967
-17	-50	-24	-10	-22	-8	-22	-30	cell = 968 to 975
-11	-16	-54	-1	-17	0	-18	-12	cell = 976 to 983
15	-34	-10	-23	8	4	30	-15	cell = 984 to 991
6	-51	-27	7	-16	2	14	-10	cell = 992 to 999
-45	-5	-7	-20	-30	11	-29	-1	cell = 1000 to 1007
-67	-8	-68	-56	-23	-12	-33	-9	cell = 1008 to 1015
-27	-2	-39	-29	-11	-3	-11	-29	cell = 1016 to 1023
Calibration values from cell 0 to 1024 for channel 8:

32	15	45	-26	26	20	58	-7	cell = 0 to 7
52	-29	61	12	40	-3	52	18	cell = 8 to 15
27	-48	94	0	31	12	44	-6	cell = 16 to 23
-3	-4	33	-1	28	-29	35	-24	cell = 24 to 31
56	43	29	7	35	-28	74	-43	cell = 32 to 39
79	2	44	-7	58	18	56	-9	cell = 40 to 47
57	2	19	-37	54	-19	26	-16	cell = 48 to 55
40	33	45	11	62	-17	31	-11	cell = 56 to 63
30	-53	52	43	46	-13	84	3	cell = 64 to 71
26	34	50	9	33	38	44	-15	cell = 72 to 79
29	0	41	18	88	20	63	22	cell = 80 to 87
37	50	92	-10	23	-1	19	28	cell = 88 to 95
31	44	52	-7	33	17	53	1	cell = 96 to 103
55	-14	46	21	2	20	43	-3	cell = 104 to 111
-3	13	55	-21	32	-7	40	-36	cell = 112 to 119
2	-12	62	-8	63	5	32	51	cell = 120 to 127
61	27	66	-62	28	-23	80	-7	cell = 128 to 135
45	-10	67	5	77	3	95	26	cell = 136 to 143
44	-18	26	-9	35	-31	33	9	cell = 144 to 151
-8	-5	85	-38	21	42	4	-16	cell = 152 to 159
39	0	39	31	31	28	77	-27	cell = 160 to 167
69	-30	30	3	91	14	63	-5	cell = 168 to 175
93	20	56	-11	54	-23	-3	22	cell = 176 to 183
31	20	30	2	65	-48	56	-19	cell = 184 to 191
65	5	47	-18	36	11	12	-25	cell = 192 to 199
11	28	43	-26	70	24	60	-8	cell = 200 to 207
17	27	48	-4	45	-29	59	0	cell = 208 to 215
48	11	48	-23	55	6	52	12	cell = 216 to 223
26	-3	3	-40	54	15	65	1	cell = 224 to 231
70	-23	26	-2	41	15	92	-16	cell = 232 to 239
63	31	52	-18	54	-21	47	-13	cell = 240 to 247
49	12	44	9	46	-15	34	23	cell = 248 to 255
20	30	49	-33	62	4	6	-8	cell = 256 to 263
14	23	0	-47	12	-43	12	6	cell = 264 to 271
19	-39	14	58	39	-26	45	-13	cell = 272 to 279
68	-8	16	-17	51	-3	0	-2	cell = 280 to 287
30	33	39	0	20	43	44	-15	cell = 288 to 295
49	-34	43	-13	67	-5	33	20	cell = 296 to 303
69	-24	35	-25	25	-13	49	9	cell = 304 to 311
5	11	59	8	29	3	41	6	cell = 312 to 319
56	9	23	7	77	-27	29	-5	cell = 320 to 327
74	12	-14	11	5	-33	26	-4	cell = 328 to 335
37	25	33	3	39	-25	18	20	cell = 336 to 343
52	-4	17	12	48	-47	81	16	cell = 344 to 351
17	-13	77	-31	0	-58	40	-1	cell = 352 to 359
39	-25	61	42	48	20	48	-10	cell = 360 to 367
54	-17	42	-5	10	15	75	-38	cell = 368 to 375
10	13	52	-21	57	-21	11	-41	cell = 376 to 383
58	-26	10	-8	58	-9	44	43	cell = 384 to 391
75	13	17	-17	55	40	38	-19	cell = 392 to 399
37	-32	39	-11	35	-6	75	8	cell = 400 to 407
9	-7	64	-9	50	-22	27	-13	cell = 408 to 415
54	12	49	-43	37	3	53	-15	cell = 416 to 423
47	-19	32	-13	4	-4	43	18	cell = 424 to 431
27	-22	36	-24	59	14	36	4	cell = 432 to 439
34	30	8	-52	24	-25	56	5	cell = 440 to 447
34	-30	44	29	30	-5	45	-22	cell = 448 to 455
67	16	31	-34	71	-14	53	-40	cell = 456 to 463
23	14	54	-41	44	0	43	-3	cell = 464 to 471
46	-9	32	-48	46	-28	59	-71	cell = 472 to 479
73	-38	54	-14	6	-9	80	57	cell = 480 to 487
43	24	74	-12	41	-4	68	-14	cell = 488 to 495
75	-37	-18	-101	-31	-72	-46	-92	cell = 496 to 503
103	9	66	-71	46	4	11	-9	cell = 504 to 511
-44	27	-76	-39	-33	-28	-11	-32	cell = 512 to 519
-9	-17	-41	2	34	-19	3	-34	cell = 520 to 527
24	-36	-40	-38	-49	10	-25	4	cell = 528 to 535
-35	20	-21	0	-8	-30	-30	-5	cell = 536 to 543
1	-9	-12	-20	-13	-18	0	-4	cell = 544 to 551
11	-31	4	-15	-40	-6	-14	-21	cell = 552 to 559
-61	9	-47	-5	-28	-18	-45	-25	cell = 560 to 567
-28	-21	-15	0	-35	-18	-91	-31	cell = 568 to 575
-42	-4	-42	-8	-55	-11	-46	16	cell = 576 to 583
-11	-21	-21	-15	-23	-37	-2	-17	cell = 584 to 591
-5	-34	5	-23	16	-13	-24	-28	cell = 592 to 599
-47	16	-51	-36	-31	-7	27	-28	cell = 600 to 607
-39	-23	-25	-17	-23	-33	-13	-27	cell = 608 to 615
-49	-3	-37	8	-19	34	-69	-50	cell = 616 to 623
-7	28	-25	-45	-38	10	-5	-34	cell = 624 to 631
-40	-3	-12	16	2	5	-47	-17	cell = 632 to 639
-8	-28	-24	-27	-21	-21	-38	-60	cell = 640 to 647
-21	40	2	2	-37	-26	-20	-25	cell = 648 to 655
-16	11	-14	2	26	-35	-30	-43	cell = 656 to 663
-37	-35	-4	-26	-30	-18	-13	-27	cell = 664 to 671
-40	-75	-48	12	-40	-13	-48	24	cell = 672 to 679
-50	-21	-27	-42	-25	-17	-28	-38	cell = 680 to 687
-40	4	-46	33	-14	-1	-25	-31	cell = 688 to 695
-30	-20	-19	17	-8	-3	-45	17	cell = 696 to 703
-47	23	-14	-19	-23	-21	-21	-40	cell = 704 to 711
-17	0	-71	-11	4	-32	10	-18	cell = 712 to 719
-45	-37	-1	-15	17	23	-38	-23	cell = 720 to 727
-42	-25	-30	-13	-21	-3	-26	2	cell = 728 to 735
-15	-8	-27	-38	-13	-63	10	26	cell = 736 to 743
-33	-1	-22	-33	-32	-52	-1	-37	cell = 744 to 751
-53	3	-42	-7	3	-40	12	-13	cell = 752 to 759
0	-39	-34	-11	1	-22	-32	-25	cell = 760 to 767
-16	-6	-51	15	-30	6	-40	-56	cell = 768 to 775
-19	17	-22	-3	16	-42	-75	-49	cell = 776 to 783
21	-30	18	17	-4	-12	-22	0	cell = 784 to 791
6	0	-45	19	-47	-42	-34	-25	cell = 792 to 799
-9	2	-19	-22	-20	-11	-15	35	cell = 800 to 807
-20	-39	-5	-8	24	0	-44	-33	cell = 808 to 815
-6	-16	-8	-8	-24	-37	11	0	cell = 816 to 823
-25	-23	-43	-26	-13	-14	21	-48	cell = 824 to 831
-31	-6	-24	-68	-28	-43	-9	-46	cell = 832 to 839
-8	-39	-8	-6	-5	-66	21	21	cell = 840 to 847
-21	6	-20	-8	-17	19	-5	-19	cell = 848 to 855
7	9	-26	-13	-23	-39	20	-35	cell = 856 to 863
-24	-3	16	-41	14	-2	-52	-29	cell = 864 to 871
-51	-33	-52	-25	-63	-54	-20	-25	cell = 872 to 879
-36	-40	-22	27	-22	22	-29	3	cell = 880 to 887
-32	-48	-28	12	-8	-29	12	-21	cell = 888 to 895
-20	-36	3	-30	-6	-11	33	29	cell = 896 to 903
-20	-51	-32	-16	-23	-3	-4	-13	cell = 904 to 911
20	10	-9	9	-2	28	-38	-22	cell = 912 to 919
-28	1	-39	-46	25	-35	3	-18	cell = 920 to 927
-21	-16	5	-17	-24	-3	-44	-35	cell = 928 to 935
-37	5	-28	17	-31	-16	-52	-38	cell = 936 to 943
-27	-52	-42	16	-10	14	-27	-31	cell = 944 to 951
-15	-7	3	-12	-26	1	-26	-4	cell = 952 to 959
6	-42	-7	-3	-54	-13	8	-54	cell = 960 to 967
-42	-27	-21	-8	2	-28	-38	-9	cell = 968 to 975
-14	-19	-29	-30	-16	20	1	-25	cell = 976 to 983
-27	-20	-37	-42	-20	-30	4	-19	cell = 984 to 991
7	-13	-52	-4	-19	0	-22	-41	cell = 992 to 999
-25	-58	-22	-10	-40	-19	-12	-44	cell = 1000 to 1007
-1	-59	-57	-41	5	-38	-40	-23	cell = 1008 to 1015
4	-55	-37	-49	-52	-23	-9	-11	cell = 1016 to 1023
