Calibration values from cell 0 to 1024 for channel 0:

63	-27	2	-35	54	-18	42	1	cell = 0 to 7
52	3	48	5	21	-47	55	-6	cell = 8 to 15
34	-30	20	22	55	0	61	-5	cell = 16 to 23
29	-19	53	12	56	22	45	-44	cell = 24 to 31
63	-15	46	-20	78	2	50	-42	cell = 32 to 39
32	-24	52	-18	60	-40	37	19	cell = 40 to 47
37	-21	68	43	60	-1	28	11	cell = 48 to 55
30	-46	39	-37	71	-53	26	-2	cell = 56 to 63
36	-9	62	-39	41	-16	51	17	cell = 64 to 71
76	-7	25	-21	29	13	47	19	cell = 72 to 79
48	-14	38	24	42	-33	15	3	cell = 80 to 87
66	-3	54	-19	48	-10	29	30	cell = 88 to 95
11	21	18	-28	8	-27	20	27	cell = 96 to 103
51	-9	55	-25	57	14	41	-16	cell = 104 to 111
39	-27	27	37	61	-19	20	0	cell = 112 to 119
62	0	52	-2	22	0	18	-16	cell = 120 to 127
-2	-1	50	-3	10	-6	49	-5	cell = 128 to 135
19	-19	51	10	34	-33	29	-26	cell = 136 to 143
50	30	62	24	27	-10	24	6	cell = 144 to 151
38	-6	16	3	56	-57	47	0	cell = 152 to 159
-6	-4	58	8	22	0	63	18	cell = 160 to 167
59	-2	70	-9	80	1	51	-11	cell = 168 to 175
58	18	78	13	70	28	37	-16	cell = 176 to 183
35	-24	46	-37	12	4	-5	-20	cell = 184 to 191
16	-2	59	28	51	-29	22	-15	cell = 192 to 199
89	-11	23	0	59	-8	55	-10	cell = 200 to 207
69	5	57	-9	49	-50	55	45	cell = 208 to 215
80	-8	77	-2	41	-34	19	-14	cell = 216 to 223
20	-21	54	-11	44	0	15	16	cell = 224 to 231
70	-8	27	-29	48	-29	52	13	cell = 232 to 239
80	3	40	9	91	-3	26	8	cell = 240 to 247
31	-2	30	3	35	-21	40	-37	cell = 248 to 255
47	-22	28	-12	13	-27	57	-14	cell = 256 to 263
59	-7	71	14	72	3	2	1	cell = 264 to 271
47	-27	46	-1	41	31	49	4	cell = 272 to 279
18	45	28	-29	30	4	56	-9	cell = 280 to 287
57	-27	45	-5	56	-37	-10	25	cell = 288 to 295
-3	-16	10	-38	71	18	42	-7	cell = 296 to 303
37	11	30	33	16	-16	49	-11	cell = 304 to 311
10	-25	22	32	75	3	56	28	cell = 312 to 319
45	-54	25	-6	83	-14	57	11	cell = 320 to 327
46	-45	35	-27	70	23	77	24	cell = 328 to 335
37	-17	48	17	28	-6	58	-15	cell = 336 to 343
31	-18	30	8	84	2	46	-17	cell = 344 to 351
59	-25	13	-27	53	16	75	-34	cell = 352 to 359
43	-7	28	-23	44	8	67	-27	cell = 360 to 367
68	1	6	-2	47	13	50	-28	cell = 368 to 375
45	20	43	-14	11	13	55	-36	cell = 376 to 383
39	-29	73	16	-14	23	51	-9	cell = 384 to 391
86	-5	23	16	18	-1	49	24	cell = 392 to 399
21	-11	23	-23	48	4	33	-51	cell = 400 to 407
40	0	5	-1	57	7	54	38	cell = 408 to 415
37	13	-2	32	38	-6	61	-15	cell = 416 to 423
70	-13	22	22	52	-2	28	-3	cell = 424 to 431
58	14	52	1	31	-6	37	-22	cell = 432 to 439
88	6	20	0	21	-38	27	21	cell = 440 to 447
40	2	35	-12	48	-19	1	0	cell = 448 to 455
54	15	79	3	39	-8	23	-1	cell = 456 to 463
66	5	-6	1	33	-37	31	-4	cell = 464 to 471
37	3	69	31	74	30	4	-6	cell = 472 to 479
49	-5	9	5	33	10	48	1	cell = 480 to 487
14	-11	51	20	44	-38	64	38	cell = 488 to 495
45	-2	-31	-96	22	-93	17	-67	cell = 496 to 503
39	35	11	-20	14	-18	17	-10	cell = 504 to 511
-16	0	14	-28	2	17	1	1	cell = 512 to 519
-39	6	-43	-30	-3	-50	-5	-21	cell = 520 to 527
9	14	-32	-27	-63	-3	-51	1	cell = 528 to 535
1	23	-19	-70	-51	-17	11	-13	cell = 536 to 543
-43	-41	10	-29	-8	23	-25	-27	cell = 544 to 551
4	-21	-11	-47	-51	-57	-49	-33	cell = 552 to 559
-35	1	-11	-13	-15	-30	9	-30	cell = 560 to 567
-34	31	3	-38	-56	1	-30	-20	cell = 568 to 575
-24	-16	-9	-28	-35	-4	-16	-9	cell = 576 to 583
8	-27	-49	-36	-67	-5	9	-34	cell = 584 to 591
-45	-35	-23	-15	-49	11	-5	-63	cell = 592 to 599
-13	-44	-21	8	-38	-62	-55	-50	cell = 600 to 607
-29	-35	-27	-6	6	-46	-38	-17	cell = 608 to 615
-31	-20	-30	1	-2	-5	-4	10	cell = 616 to 623
-9	2	-39	-19	-48	-49	-31	-16	cell = 624 to 631
-38	-52	25	-56	-29	10	-2	-35	cell = 632 to 639
5	-13	-25	-15	-25	-63	-10	-33	cell = 640 to 647
-10	-22	-73	-16	-18	-42	0	4	cell = 648 to 655
-8	-40	-7	-5	-5	-6	3	-17	cell = 656 to 663
-13	19	-31	-24	-39	4	-20	-5	cell = 664 to 671
-23	14	-39	-24	-34	-9	-26	-9	cell = 672 to 679
-2	-21	-21	-15	-48	-29	-22	6	cell = 680 to 687
-19	1	7	-17	-32	-14	-25	-40	cell = 688 to 695
-3	-66	-18	-13	-21	-35	7	10	cell = 696 to 703
15	32	-52	3	4	-33	-17	6	cell = 704 to 711
22	-2	-42	-8	-36	-24	-58	-39	cell = 712 to 719
-30	-39	10	-24	-3	-25	-28	-64	cell = 720 to 727
-14	-10	-40	-1	-23	-21	12	-3	cell = 728 to 735
-47	0	-59	-13	-37	-28	-4	-31	cell = 736 to 743
-72	-25	-2	-33	-30	-56	9	-34	cell = 744 to 751
-31	2	-20	-20	-30	-7	47	-11	cell = 752 to 759
-6	-41	-53	-35	-31	-28	-40	-10	cell = 760 to 767
-26	-33	-5	-14	-41	-23	-22	-18	cell = 768 to 775
24	-12	-56	-19	-43	6	-57	-11	cell = 776 to 783
-11	-26	0	-40	-14	-44	-32	-25	cell = 784 to 791
-17	-27	-23	8	-13	29	8	-39	cell = 792 to 799
-28	-43	-22	4	1	5	1	4	cell = 800 to 807
-40	-22	3	-23	-35	-19	2	-28	cell = 808 to 815
-50	-2	23	-48	1	-10	-59	-8	cell = 816 to 823
9	-30	12	-32	-50	-30	-33	22	cell = 824 to 831
-30	-14	-50	-45	2	25	-10	-45	cell = 832 to 839
-13	1	-10	-13	-10	0	-38	-31	cell = 840 to 847
-12	-5	-9	-50	-28	-6	-26	0	cell = 848 to 855
3	-15	-35	-8	24	7	-52	-3	cell = 856 to 863
-33	-33	7	3	-30	-1	-21	20	cell = 864 to 871
-1	6	-6	-15	-24	16	11	-8	cell = 872 to 879
-3	4	22	-24	-6	-25	-29	-33	cell = 880 to 887
-4	-27	-16	15	19	17	-34	-44	cell = 888 to 895
-32	-10	1	-16	4	-22	-4	44	cell = 896 to 903
-14	-38	-4	-15	-28	-11	16	23	cell = 904 to 911
-38	-28	15	-17	-26	32	-8	-8	cell = 912 to 919
-3	7	-41	16	24	1	-33	-42	cell = 920 to 927
-6	-3	-31	-30	-10	-28	-34	-63	cell = 928 to 935
-8	9	-30	5	-14	-43	-29	-25	cell = 936 to 943
-39	-29	-6	-2	-35	-71	4	-22	cell = 944 to 951
7	-8	-8	-25	-50	-17	-25	-57	cell = 952 to 959
-37	-13	-19	-16	-45	-2	-16	-41	cell = 960 to 967
-1	30	-37	-34	-1	-31	17	12	cell = 968 to 975
-13	11	10	2	11	-17	28	-17	cell = 976 to 983
-23	-33	-11	-35	22	-26	-19	-17	cell = 984 to 991
-59	-32	-42	2	2	-7	-46	-26	cell = 992 to 999
-28	-15	-35	2	-11	-11	-24	-32	cell = 1000 to 1007
-23	1	3	-31	-11	-50	-4	-41	cell = 1008 to 1015
-13	6	8	-15	-45	-21	-42	-43	cell = 1016 to 1023
Calibration values from cell 0 to 1024 for channel 1:

43	-40	18	4	43	-19	-12	16	cell = 0 to 7
31	-16	34	-17	84	-30	75	-33	cell = 8 to 15
105	-18	69	5	54	-17	24	-15	cell = 16 to 23
37	16	30	0	71	-22	47	-23	cell = 24 to 31
35	9	46	-28	40	-45	51	6	cell = 32 to 39
50	-28	50	39	22	-23	27	-14	cell = 40 to 47
41	-48	78	-19	48	14	52	-10	cell = 48 to 55
57	12	1	-43	39	15	14	-6	cell = 56 to 63
17	-8	31	-7	33	-21	33	14	cell = 64 to 71
28	-2	32	-14	70	-27	43	-16	cell = 72 to 79
35	-12	53	3	15	13	8	-28	cell = 80 to 87
69	-21	55	13	36	15	3	-28	cell = 88 to 95
57	-15	25	-20	8	-44	7	5	cell = 96 to 103
40	21	87	0	47	-11	50	3	cell = 104 to 111
15	28	29	-11	101	-48	9	37	cell = 112 to 119
54	-8	62	-34	34	-29	62	-9	cell = 120 to 127
28	2	13	4	62	-4	74	-15	cell = 128 to 135
5	-27	-2	9	64	-2	29	16	cell = 136 to 143
59	11	47	-18	15	-17	34	-13	cell = 144 to 151
65	-16	12	9	78	-4	62	-10	cell = 152 to 159
52	-19	67	-9	41	-22	49	-20	cell = 160 to 167
59	-21	22	2	53	31	76	12	cell = 168 to 175
30	-17	74	27	87	31	39	-11	cell = 176 to 183
40	0	16	19	57	-31	18	13	cell = 184 to 191
87	-46	10	-9	76	17	48	-11	cell = 192 to 199
16	-6	48	-10	23	-19	42	26	cell = 200 to 207
40	15	37	-14	78	-23	33	1	cell = 208 to 215
42	6	20	-1	15	-20	26	-29	cell = 216 to 223
88	0	64	-16	68	13	17	-24	cell = 224 to 231
65	6	16	-1	61	6	68	-42	cell = 232 to 239
73	-56	34	-9	54	9	53	-25	cell = 240 to 247
57	-2	47	14	66	-26	25	-33	cell = 248 to 255
86	-11	15	-9	54	-1	52	11	cell = 256 to 263
55	-6	41	7	86	-21	32	-12	cell = 264 to 271
68	-20	88	-26	65	15	34	23	cell = 272 to 279
76	5	48	22	73	-17	53	-22	cell = 280 to 287
23	-15	61	-9	58	-28	65	7	cell = 288 to 295
51	-3	41	-37	75	-3	34	29	cell = 296 to 303
76	-12	43	-9	38	3	51	-56	cell = 304 to 311
72	-20	47	33	49	40	15	28	cell = 312 to 319
56	-28	7	-27	40	1	45	-7	cell = 320 to 327
12	-49	43	-39	33	0	26	25	cell = 328 to 335
24	-58	52	36	41	-17	57	8	cell = 336 to 343
-1	2	58	8	46	0	18	-12	cell = 344 to 351
61	-19	17	-2	54	-32	0	-17	cell = 352 to 359
14	-25	41	8	15	23	25	-12	cell = 360 to 367
47	-8	31	-14	32	-11	34	-9	cell = 368 to 375
19	-4	55	0	24	-29	62	-31	cell = 376 to 383
5	-4	47	19	-7	-1	65	-16	cell = 384 to 391
36	-17	44	1	68	3	46	9	cell = 392 to 399
37	-24	35	0	35	22	20	-17	cell = 400 to 407
17	-15	49	6	72	-22	33	20	cell = 408 to 415
70	32	53	2	61	-34	57	-33	cell = 416 to 423
40	-24	56	-23	40	-18	46	-15	cell = 424 to 431
34	-1	76	30	84	-4	67	18	cell = 432 to 439
27	-40	22	-12	58	-15	-7	-17	cell = 440 to 447
58	-46	77	-6	52	-42	50	10	cell = 448 to 455
31	-9	26	14	28	-18	24	22	cell = 456 to 463
51	0	36	-10	84	-24	31	-13	cell = 464 to 471
80	-13	33	3	40	-5	78	7	cell = 472 to 479
44	-11	69	-10	68	-32	40	2	cell = 480 to 487
28	1	49	5	40	7	33	-31	cell = 488 to 495
37	-16	-8	-87	-21	-112	-24	-98	cell = 496 to 503
70	-13	107	14	82	-24	67	8	cell = 504 to 511
-13	-18	-29	-47	-60	-53	-32	-41	cell = 512 to 519
-15	-16	-15	-35	9	-51	-47	-2	cell = 520 to 527
-35	-44	-24	7	-15	-49	1	14	cell = 528 to 535
-9	10	-11	-39	-14	13	3	16	cell = 536 to 543
-17	-55	-17	-29	-29	17	2	-22	cell = 544 to 551
8	-10	0	9	3	2	7	-9	cell = 552 to 559
-34	-41	16	-25	-39	-21	-5	1	cell = 560 to 567
-19	-2	-19	-41	-3	-9	-42	-27	cell = 568 to 575
-72	-16	-7	-10	-36	-16	-33	-24	cell = 576 to 583
-69	-39	-8	-56	-12	13	12	-25	cell = 584 to 591
-46	5	-34	6	-14	23	-15	1	cell = 592 to 599
-42	-40	-27	-14	10	-54	-24	0	cell = 600 to 607
-32	-27	-6	-39	-56	-25	5	0	cell = 608 to 615
-30	0	-23	-24	1	-32	-17	-38	cell = 616 to 623
-37	4	-18	-28	24	-11	-15	-2	cell = 624 to 631
-24	-5	1	-13	-30	-15	-15	-13	cell = 632 to 639
-16	-8	19	-29	35	-47	-48	-51	cell = 640 to 647
10	-9	5	-57	-11	-42	-16	-35	cell = 648 to 655
-21	-24	-19	-32	-41	-27	-4	6	cell = 656 to 663
-7	-3	44	-2	-5	-41	-57	-69	cell = 664 to 671
-32	-34	-27	-34	-22	-36	-1	0	cell = 672 to 679
-35	-56	-21	14	-50	-33	-36	11	cell = 680 to 687
-32	-29	14	-47	-15	14	-15	-43	cell = 688 to 695
-19	-21	-12	23	-50	-16	-49	11	cell = 696 to 703
18	-22	-40	-12	-18	-21	-10	-39	cell = 704 to 711
-52	-10	20	-49	-6	-18	-20	-45	cell = 712 to 719
24	-32	-32	0	-11	14	-3	5	cell = 720 to 727
-5	2	-37	9	-19	-23	-25	-29	cell = 728 to 735
-53	-21	-29	-16	-18	-23	-18	25	cell = 736 to 743
-9	2	-25	22	-21	-3	-36	-28	cell = 744 to 751
2	-47	-24	-28	-1	1	-32	-62	cell = 752 to 759
-34	-22	-2	-88	-46	-28	-44	-33	cell = 760 to 767
-42	-16	-10	-5	-51	23	25	-73	cell = 768 to 775
-26	-44	-23	-4	-48	-20	-40	-17	cell = 776 to 783
-26	-34	-35	-48	-40	-29	-6	-4	cell = 784 to 791
13	-20	-33	-26	3	-8	-7	-31	cell = 792 to 799
2	-42	9	-9	-31	-11	-8	-17	cell = 800 to 807
-38	3	-34	-21	-4	24	-1	-40	cell = 808 to 815
-73	-30	-36	-9	-35	4	-40	34	cell = 816 to 823
2	12	-11	-30	1	-3	-11	8	cell = 824 to 831
-29	-9	-17	-16	-17	-31	-4	-25	cell = 832 to 839
19	-19	9	-17	-9	-4	1	-23	cell = 840 to 847
-13	-34	-13	10	-20	-6	7	-48	cell = 848 to 855
-27	-13	-29	-8	-26	0	-26	-39	cell = 856 to 863
-30	-11	-7	-35	-40	-15	-18	-23	cell = 864 to 871
-5	-31	10	2	-49	-37	5	-30	cell = 872 to 879
-14	6	6	-16	-33	-4	3	-6	cell = 880 to 887
-40	-13	-6	-26	-36	-5	-29	-6	cell = 888 to 895
-46	-22	-31	-45	-19	-38	-38	-56	cell = 896 to 903
-10	-36	27	16	-19	6	35	-60	cell = 904 to 911
-16	9	-20	-15	-41	-11	-45	-7	cell = 912 to 919
18	27	14	-43	27	-40	8	-25	cell = 920 to 927
-16	-3	54	-9	-39	-46	-41	-10	cell = 928 to 935
-26	-10	-29	-23	-17	-16	-15	-40	cell = 936 to 943
-11	-39	-20	-35	-11	-10	-7	-52	cell = 944 to 951
-13	11	15	-11	23	-10	-14	-19	cell = 952 to 959
11	-2	-12	16	-9	-14	-74	-39	cell = 960 to 967
-10	-6	-19	-18	5	-3	-28	-6	cell = 968 to 975
-31	-50	4	6	14	-12	-5	-5	cell = 976 to 983
-21	-29	-45	-14	-40	-57	-26	-14	cell = 984 to 991
-33	-12	-5	-35	-2	22	-22	-9	cell = 992 to 999
-52	-42	-22	-18	-16	-14	-5	-17	cell = 1000 to 1007
-42	30	-14	-27	-43	-26	-31	18	cell = 1008 to 1015
-11	3	-46	-13	-48	-23	-5	-42	cell = 1016 to 1023
Calibration values from cell 0 to 1024 for channel 2:

18	-44	21	-7	35	-31	25	-50	cell = 0 to 7
46	-41	49	-3	83	-24	58	-11	cell = 8 to 15
63	-25	40	7	34	1	23	-1	cell = 16 to 23
46	3	60	4	23	-16	14	13	cell = 24 to 31
76	10	43	-22	42	-18	67	-13	cell = 32 to 39
54	-14	71	-4	26	-17	32	24	cell = 40 to 47
52	-21	26	-8	60	11	7	-12	cell = 48 to 55
28	-18	25	0	13	-3	85	6	cell = 56 to 63
62	-1	56	-16	47	-50	79	0	cell = 64 to 71
31	-13	58	10	27	16	58	-4	cell = 72 to 79
17	5	11	18	51	0	25	-36	cell = 80 to 87
41	-22	19	-27	52	-12	9	-15	cell = 88 to 95
43	31	68	-9	34	36	78	-6	cell = 96 to 103
68	-12	25	-31	45	-44	49	21	cell = 104 to 111
53	-1	57	-9	51	21	54	20	cell = 112 to 119
58	41	0	-25	66	-9	52	-9	cell = 120 to 127
33	8	34	-37	24	-3	45	-2	cell = 128 to 135
48	17	59	3	78	-10	34	26	cell = 136 to 143
59	-9	31	-28	84	-23	29	-13	cell = 144 to 151
38	-19	15	22	44	-18	29	-10	cell = 152 to 159
61	-40	51	-1	38	6	53	1	cell = 160 to 167
68	-40	53	28	45	-23	66	-29	cell = 168 to 175
25	-24	69	17	46	-3	39	-28	cell = 176 to 183
50	-33	26	-13	30	-16	19	-39	cell = 184 to 191
88	-20	31	-20	33	-12	17	-36	cell = 192 to 199
79	7	44	-1	48	-14	15	-20	cell = 200 to 207
37	6	39	-21	52	-16	42	14	cell = 208 to 215
61	-26	48	27	54	-47	46	-9	cell = 216 to 223
72	6	10	-12	39	-5	31	-8	cell = 224 to 231
24	45	12	20	90	6	35	-21	cell = 232 to 239
82	-26	73	-11	50	50	33	-19	cell = 240 to 247
37	24	51	-7	60	-21	45	-49	cell = 248 to 255
14	-24	13	-6	2	6	8	-78	cell = 256 to 263
87	-37	18	-13	21	8	29	8	cell = 264 to 271
74	5	25	-14	18	8	14	1	cell = 272 to 279
67	17	37	18	14	-2	50	-20	cell = 280 to 287
55	-4	-16	-12	47	0	58	-17	cell = 288 to 295
48	17	35	-22	79	39	59	-22	cell = 296 to 303
28	-19	41	-29	21	-44	49	-20	cell = 304 to 311
28	-33	7	3	19	-22	10	4	cell = 312 to 319
39	6	54	-24	32	-25	32	8	cell = 320 to 327
47	-10	35	31	54	-35	50	-22	cell = 328 to 335
61	47	0	9	48	12	54	-17	cell = 336 to 343
36	-16	22	30	48	-23	75	1	cell = 344 to 351
59	-11	40	-10	10	1	38	-13	cell = 352 to 359
52	-11	52	-13	16	3	85	25	cell = 360 to 367
-14	-16	15	-27	55	-29	43	9	cell = 368 to 375
26	-42	40	23	27	-14	63	-12	cell = 376 to 383
78	-17	29	-12	42	-18	42	-40	cell = 384 to 391
85	-37	31	10	47	17	17	-15	cell = 392 to 399
32	-37	59	3	46	31	37	19	cell = 400 to 407
60	-48	57	12	101	0	54	0	cell = 408 to 415
15	22	57	-10	46	-13	36	-19	cell = 416 to 423
12	5	42	23	8	27	41	-8	cell = 424 to 431
20	-10	50	-11	53	-23	28	-21	cell = 432 to 439
38	-25	32	17	53	-53	44	-45	cell = 440 to 447
66	-2	41	-22	60	-10	23	-26	cell = 448 to 455
48	-14	50	15	48	2	31	-10	cell = 456 to 463
51	-5	54	-42	13	29	63	-15	cell = 464 to 471
52	9	95	4	55	23	38	-21	cell = 472 to 479
48	-26	16	-8	49	3	43	-3	cell = 480 to 487
1	-22	63	9	62	11	40	1	cell = 488 to 495
41	-10	-20	-83	-45	-58	-30	-49	cell = 496 to 503
64	-27	52	-18	86	-37	38	-9	cell = 504 to 511
-46	-31	-8	-21	-47	-36	33	-24	cell = 512 to 519
-19	-39	-9	0	5	-19	-23	-47	cell = 520 to 527
1	-48	-15	-37	-11	-19	3	4	cell = 528 to 535
-27	0	-23	-22	5	-30	26	6	cell = 536 to 543
-22	-52	-3	-10	-25	-46	-20	-23	cell = 544 to 551
-53	-46	-29	-46	-24	26	-14	-16	cell = 552 to 559
-31	-28	-16	-4	4	-10	2	-35	cell = 560 to 567
-11	-11	-45	-24	-46	-4	12	-26	cell = 568 to 575
-13	-23	-26	-29	-24	-34	-14	-9	cell = 576 to 583
-60	25	8	-11	15	-20	-34	21	cell = 584 to 591
-13	2	-45	-14	-26	-4	-45	-40	cell = 592 to 599
-13	-6	-27	-38	-4	4	-18	-24	cell = 600 to 607
7	-8	-65	-4	-5	-18	-32	-23	cell = 608 to 615
-17	-23	18	-1	4	3	-43	-38	cell = 616 to 623
28	-7	-7	-25	-27	9	13	-35	cell = 624 to 631
-25	11	-40	-23	10	-17	-12	-33	cell = 632 to 639
-19	-38	12	-14	-40	-40	-4	-25	cell = 640 to 647
5	-25	-42	-25	-15	-18	-21	-8	cell = 648 to 655
-14	13	-30	-28	-13	-38	1	-53	cell = 656 to 663
-12	17	-7	-49	7	-11	-51	-21	cell = 664 to 671
7	-20	-18	-25	-25	-22	10	-20	cell = 672 to 679
5	-49	3	-17	-51	-7	-13	-30	cell = 680 to 687
5	-46	8	-42	-21	-18	-16	-27	cell = 688 to 695
7	4	-24	-45	-2	-41	7	-11	cell = 696 to 703
-5	34	14	25	18	-2	14	17	cell = 704 to 711
-29	-46	-33	-44	-42	3	-29	-13	cell = 712 to 719
-22	-47	-19	-12	-31	1	-15	17	cell = 720 to 727
-24	-27	-13	-22	10	-23	-14	-17	cell = 728 to 735
-48	13	-22	7	-20	-13	-30	-13	cell = 736 to 743
-3	-20	6	-34	-12	-57	15	-38	cell = 744 to 751
-6	-10	7	-12	-4	-33	-7	38	cell = 752 to 759
-24	12	13	-22	-4	-23	-47	-37	cell = 760 to 767
-33	-57	-10	-19	-12	-24	-27	-2	cell = 768 to 775
-35	-23	-8	13	-14	-16	-27	-53	cell = 776 to 783
-25	-24	-5	-3	-16	-9	-9	-18	cell = 784 to 791
-20	-33	32	-26	-22	-27	-45	-68	cell = 792 to 799
-12	12	-3	-27	-27	-4	-17	-27	cell = 800 to 807
-31	24	-2	-16	-22	16	-26	-35	cell = 808 to 815
-19	-13	7	-6	-35	-16	22	-43	cell = 816 to 823
-20	-14	1	2	-30	-32	30	-39	cell = 824 to 831
-16	-19	-23	-12	6	-4	-28	-4	cell = 832 to 839
-30	-31	-3	-43	-31	-5	-23	-23	cell = 840 to 847
-15	-2	-32	-26	-39	11	-53	-34	cell = 848 to 855
-54	-1	-25	5	-38	-44	-31	-27	cell = 856 to 863
-36	-2	-30	-55	13	-3	0	-18	cell = 864 to 871
-21	-7	-12	-29	-74	-54	-21	-32	cell = 872 to 879
-32	-50	31	-12	-40	-23	-45	37	cell = 880 to 887
-34	-7	-7	-59	-51	-5	-16	-54	cell = 888 to 895
-21	1	-17	0	-41	-54	-11	-16	cell = 896 to 903
-49	8	-10	-7	-26	-8	-12	-58	cell = 904 to 911
-5	-2	-20	-42	25	-21	43	-11	cell = 912 to 919
-33	-52	8	-71	-58	-28	-42	-1	cell = 920 to 927
-12	1	-18	-29	-29	-23	-21	-6	cell = 928 to 935
-38	1	15	-45	-21	-26	6	-26	cell = 936 to 943
0	25	-13	-24	-7	-17	-34	-18	cell = 944 to 951
-31	1	-14	6	-60	-12	-43	-13	cell = 952 to 959
-3	-11	-41	-14	-11	0	-2	8	cell = 960 to 967
14	-5	-10	49	13	0	-2	-26	cell = 968 to 975
-44	5	5	-20	-12	-20	-37	-16	cell = 976 to 983
37	-5	-9	-36	-20	-41	1	21	cell = 984 to 991
-1	0	16	-34	-45	-14	9	-4	cell = 992 to 999
1	6	-63	-27	-31	-37	21	-43	cell = 1000 to 1007
-25	-40	-18	-34	-61	-39	-11	-2	cell = 1008 to 1015
-14	-76	-9	-5	-12	-18	-11	-32	cell = 1016 to 1023
Calibration values from cell 0 to 1024 for channel 3:

52	-10	35	7	58	-27	24	2	cell = 0 to 7
71	-41	82	-41	34	-21	22	18	cell = 8 to 15
54	-51	27	-26	79	-4	31	4	cell = 16 to 23
44	1	33	-19	30	-51	54	2	cell = 24 to 31
52	-18	60	16	72	22	45	-6	cell = 32 to 39
10	3	42	9	25	-2	44	21	cell = 40 to 47
47	33	28	-7	8	-5	45	1	cell = 48 to 55
27	-35	45	-20	42	12	52	-11	cell = 56 to 63
56	6	29	29	43	-10	4	-38	cell = 64 to 71
48	7	37	-4	22	-44	70	46	cell = 72 to 79
44	-47	77	-24	70	-3	45	11	cell = 80 to 87
57	-17	42	-17	32	14	48	26	cell = 88 to 95
0	-1	68	-4	75	-33	53	-12	cell = 96 to 103
62	-8	19	7	83	28	3	-21	cell = 104 to 111
61	0	65	2	34	-13	50	27	cell = 112 to 119
58	-2	41	-36	46	-18	45	0	cell = 120 to 127
52	-12	9	-18	57	-14	35	9	cell = 128 to 135
32	-26	40	-35	41	-16	57	-26	cell = 136 to 143
10	28	28	-17	37	-47	14	-36	cell = 144 to 151
76	17	55	0	59	-46	11	15	cell = 152 to 159
49	-22	47	-4	48	-13	21	8	cell = 160 to 167
38	-2	47	-39	60	-1	97	-10	cell = 168 to 175
50	-7	49	-7	57	-18	1	-5	cell = 176 to 183
79	-9	49	-5	22	-28	48	-20	cell = 184 to 191
66	-4	37	-3	81	-58	14	44	cell = 192 to 199
48	9	86	10	63	-27	21	-15	cell = 200 to 207
105	-2	42	-6	25	11	28	-8	cell = 208 to 215
54	22	7	27	43	25	55	-5	cell = 216 to 223
39	-4	71	8	15	7	57	23	cell = 224 to 231
53	-33	49	-9	56	-10	38	39	cell = 232 to 239
1	-19	73	-19	36	2	59	12	cell = 240 to 247
43	6	32	-4	53	-12	7	-7	cell = 248 to 255
18	11	15	13	16	-17	38	17	cell = 256 to 263
18	-18	57	-33	45	-27	49	34	cell = 264 to 271
21	22	34	-25	52	-3	57	-14	cell = 272 to 279
57	29	43	10	65	-24	44	-9	cell = 280 to 287
57	2	55	10	67	-12	23	25	cell = 288 to 295
47	-1	40	-8	78	-20	57	-15	cell = 296 to 303
44	-5	42	0	28	-17	61	-5	cell = 304 to 311
20	-40	80	-29	12	0	54	41	cell = 312 to 319
46	-4	70	2	48	-29	35	-3	cell = 320 to 327
50	-9	25	-44	47	3	64	23	cell = 328 to 335
35	8	17	8	48	16	45	-27	cell = 336 to 343
39	31	60	13	58	-15	33	-11	cell = 344 to 351
41	-4	65	-6	41	0	17	-36	cell = 352 to 359
31	12	39	24	35	-13	-1	26	cell = 360 to 367
26	-31	50	10	99	-19	24	-61	cell = 368 to 375
23	-41	71	-14	34	-35	45	3	cell = 376 to 383
31	2	39	-14	47	-26	19	-21	cell = 384 to 391
38	-38	46	-43	63	-25	43	-43	cell = 392 to 399
37	17	57	31	35	15	60	-17	cell = 400 to 407
33	-3	44	-14	103	-36	51	29	cell = 408 to 415
50	-2	8	7	27	-46	53	-20	cell = 416 to 423
36	-10	46	18	34	-35	18	-23	cell = 424 to 431
29	-24	28	-3	97	10	0	-41	cell = 432 to 439
82	-16	77	3	52	-18	23	11	cell = 440 to 447
46	-4	56	-39	18	-18	37	11	cell = 448 to 455
31	13	74	-27	82	-30	75	-43	cell = 456 to 463
82	-23	2	-14	21	-17	47	27	cell = 464 to 471
55	24	49	-20	83	-32	14	-4	cell = 472 to 479
38	-2	21	0	10	-30	94	2	cell = 480 to 487
43	-47	11	14	71	-25	68	-17	cell = 488 to 495
34	-3	-25	-108	-13	-93	-38	-78	cell = 496 to 503
19	17	60	-41	37	-25	74	9	cell = 504 to 511
-39	6	11	-20	-59	-50	-16	0	cell = 512 to 519
-32	-18	-20	-31	8	19	-18	-13	cell = 520 to 527
-23	-33	-35	-35	-26	-52	-7	-54	cell = 528 to 535
-8	-38	-2	17	5	3	12	-16	cell = 536 to 543
-20	-10	-17	-32	-32	-12	-26	-36	cell = 544 to 551
-34	2	-32	-1	-24	-2	-45	-56	cell = 552 to 559
-41	1	-12	-55	-27	-33	0	-11	cell = 560 to 567
-7	-8	-35	1	-30	-8	9	-7	cell = 568 to 575
-20	15	-4	-41	-24	-45	-1	-19	cell = 576 to 583
-14	-35	11	-15	-19	-14	-4	0	cell = 584 to 591
-13	-40	-34	-27	-43	2	-23	-44	cell = 592 to 599
-49	-55	-32	-3	2	-32	-5	-30	cell = 600 to 607
1	-25	-41	-71	-29	-16	24	-43	cell = 608 to 615
-31	10	-26	-14	-28	15	6	-27	cell = 616 to 623
13	-33	10	-18	-47	-27	-5	-26	cell = 624 to 631
-34	-27	16	-33	-3	-48	-41	-39	cell = 632 to 639
-21	7	1	11	-45	61	-14	2	cell = 640 to 647
-31	12	-2	-31	-32	-56	-14	-7	cell = 648 to 655
-33	-32	-16	-30	-6	-20	-5	2	cell = 656 to 663
-24	-18	-19	3	-13	0	8	-3	cell = 664 to 671
-17	-17	39	8	-21	-27	-2	-35	cell = 672 to 679
-67	-10	-39	10	-36	-24	-34	-20	cell = 680 to 687
4	-44	-68	-43	-11	-4	-20	-4	cell = 688 to 695
-25	-20	-37	-12	-55	-23	16	-47	cell = 696 to 703
-42	21	-30	-53	-24	-5	7	-55	cell = 704 to 711
-27	-34	-39	-8	-41	-46	-11	-34	cell = 712 to 719
-9	-5	-2	-18	32	-20	18	-11	cell = 720 to 727
9	9	3	-45	-23	43	22	-5	cell = 728 to 735
-16	-13	-11	-40	-9	-42	-51	-8	cell = 736 to 743
-4	1	5	17	-36	-3	-43	-9	cell = 744 to 751
-32	-2	-31	-23	-23	-22	-16	-56	cell = 752 to 759
-9	-6	0	-19	-36	-45	-39	-32	cell = 760 to 767
-22	-55	-10	-23	-25	-9	-73	-29	cell = 768 to 775
-9	-30	-47	-32	-27	-38	-64	-16	cell = 776 to 783
0	-35	-55	-23	-15	8	-16	-10	cell = 784 to 791
-12	-34	-16	-29	22	4	-33	2	cell = 792 to 799
-49	-7	-2	-39	-21	-53	-16	-18	cell = 800 to 807
-16	-26	-45	-5	-27	16	-23	-11	cell = 808 to 815
-13	-35	-30	-38	-55	-43	-35	-39	cell = 816 to 823
-50	-10	7	-10	-23	-17	-24	2	cell = 824 to 831
-4	5	-3	-39	-2	-5	-25	-3	cell = 832 to 839
-37	-29	6	-57	-6	5	-56	-33	cell = 840 to 847
3	19	0	-46	-3	22	-9	15	cell = 848 to 855
-37	8	-21	-28	9	25	15	-42	cell = 856 to 863
0	-37	-59	-5	-7	-21	-3	-16	cell = 864 to 871
-22	24	-18	-28	-4	-14	-6	-5	cell = 872 to 879
0	10	10	-16	-6	2	0	-14	cell = 880 to 887
-29	39	8	-23	7	-13	-21	-26	cell = 888 to 895
-2	-29	-25	-12	-49	-39	4	-60	cell = 896 to 903
-12	5	5	-2	21	-13	13	-65	cell = 904 to 911
2	-33	-17	-16	2	-15	8	-47	cell = 912 to 919
-10	-15	20	-26	-22	-23	-2	14	cell = 920 to 927
-58	-21	-29	-19	-11	-33	7	10	cell = 928 to 935
-14	4	11	-26	-36	-43	-15	-6	cell = 936 to 943
-55	-18	-48	-15	-2	-14	7	-64	cell = 944 to 951
-9	-21	-10	-6	10	31	-23	-47	cell = 952 to 959
-62	-13	5	-24	1	16	-10	-47	cell = 960 to 967
-18	-9	-46	-25	1	-36	-41	-41	cell = 968 to 975
-54	0	12	-10	-22	-52	-22	17	cell = 976 to 983
-5	-3	-11	-22	13	-31	-42	-9	cell = 984 to 991
-2	-2	-10	-28	-34	-10	-15	-8	cell = 992 to 999
-27	-16	-14	-53	-67	3	21	-8	cell = 1000 to 1007
-12	-10	-47	-41	3	-49	-24	23	cell = 1008 to 1015
-27	-31	-7	16	-55	-4	1	-49	cell = 1016 to 1023
Calibration values from cell 0 to 1024 for channel 4:

22	-33	36	34	54	4	41	-9	cell = 0 to 7
36	-31	46	-11	38	26	36	1	cell = 8 to 15
38	6	80	1	49	-18	47	-23	cell = 16 to 23
52	26	64	-13	76	-48	58	-33	cell = 24 to 31
51	-16	59	-19	43	-30	43	-17	cell = 32 to 39
65	-34	55	-21	31	9	21	-17	cell = 40 to 47
39	-18	43	-6	12	-19	60	7	cell = 48 to 55
35	-2	61	-31	21	-43	49	3	cell = 56 to 63
39	-35	19	-15	39	-20	36	-17	cell = 64 to 71
52	-40	40	-15	35	-24	41	50	cell = 72 to 79
47	17	42	10	29	-47	38	-3	cell = 80 to 87
73	2	30	-23	88	-39	18	-25	cell = 88 to 95
42	19	35	-16	76	-10	50	-42	cell = 96 to 103
25	19	77	-12	21	5	24	10	cell = 104 to 111
40	8	12	2	60	-22	50	14	cell = 112 to 119
101	-23	56	-14	31	-20	52	8	cell = 120 to 127
47	17	24	9	41	0	54	-49	cell = 128 to 135
71	-1	23	16	69	-21	52	-7	cell = 136 to 143
80	0	47	-24	56	-18	51	-22	cell = 144 to 151
22	-13	78	-9	32	10	12	-15	cell = 152 to 159
43	28	44	-7	57	-4	57	0	cell = 160 to 167
22	-16	20	-15	52	0	17	-8	cell = 168 to 175
8	-15	60	-15	33	-30	25	5	cell = 176 to 183
18	-20	35	7	71	-4	35	-26	cell = 184 to 191
30	-11	15	-22	24	-36	9	2	cell = 192 to 199
25	1	38	-14	55	14	56	17	cell = 200 to 207
28	-49	19	18	61	-4	50	31	cell = 208 to 215
29	-20	52	5	70	7	41	39	cell = 216 to 223
45	6	27	7	30	-33	31	-4	cell = 224 to 231
30	-4	43	-12	62	-8	-8	37	cell = 232 to 239
45	5	8	-26	13	-19	46	-54	cell = 240 to 247
71	-30	67	8	54	-5	35	15	cell = 248 to 255
20	-2	35	-23	60	-32	58	23	cell = 256 to 263
46	-6	46	-32	46	-30	57	24	cell = 264 to 271
65	-15	36	-2	33	-16	81	-13	cell = 272 to 279
35	-24	47	57	72	-19	34	-11	cell = 280 to 287
31	7	76	14	50	-59	75	6	cell = 288 to 295
53	-14	44	4	44	57	47	4	cell = 296 to 303
52	4	63	20	36	-23	52	-32	cell = 304 to 311
42	15	67	2	60	0	27	-29	cell = 312 to 319
35	-17	63	-9	55	-26	41	-9	cell = 320 to 327
64	-17	30	13	38	-22	29	-3	cell = 328 to 335
49	-63	64	-26	73	12	65	11	cell = 336 to 343
51	-27	29	-3	88	-14	25	-21	cell = 344 to 351
31	-6	14	15	48	-35	37	-19	cell = 352 to 359
74	-28	29	-12	59	13	57	3	cell = 360 to 367
53	-51	43	-23	48	-16	59	-46	cell = 368 to 375
77	-14	67	53	45	20	8	-13	cell = 376 to 383
30	-10	27	-12	31	-2	69	-15	cell = 384 to 391
50	-1	40	20	61	51	42	-3	cell = 392 to 399
79	-3	20	7	38	22	38	-15	cell = 400 to 407
49	-20	51	-22	38	-18	29	-9	cell = 408 to 415
86	32	56	-8	59	29	25	1	cell = 416 to 423
61	-47	30	-21	50	-17	37	-27	cell = 424 to 431
96	-28	43	-8	68	-9	4	-8	cell = 432 to 439
87	10	89	13	37	-28	50	31	cell = 440 to 447
43	1	-14	-28	63	-6	85	-27	cell = 448 to 455
-1	-38	53	17	33	-11	66	-35	cell = 456 to 463
28	4	56	-37	23	-44	56	0	cell = 464 to 471
61	-3	63	-27	42	-12	-7	-20	cell = 472 to 479
84	-23	29	-16	69	-40	34	-13	cell = 480 to 487
64	3	34	45	21	-7	17	-10	cell = 488 to 495
69	3	-12	-59	-27	-106	-8	-63	cell = 496 to 503
57	13	54	-4	27	-4	27	-66	cell = 504 to 511
-48	-6	-7	-17	2	-23	-20	-58	cell = 512 to 519
-5	-31	-4	-53	-10	-45	23	-62	cell = 520 to 527
-42	-35	-14	-8	4	16	5	-43	cell = 528 to 535
-21	-16	14	-42	-2	-20	-9	-40	cell = 536 to 543
16	-8	-38	-25	-35	-41	-52	-6	cell = 544 to 551
11	-12	15	-18	-36	-15	1	-27	cell = 552 to 559
-16	4	-13	-56	-59	-32	-30	-68	cell = 560 to 567
-25	-28	-13	-21	-42	7	-36	-10	cell = 568 to 575
-11	8	-24	-12	-39	-10	-26	-27	cell = 576 to 583
-38	1	25	-6	-46	-37	-42	-16	cell = 584 to 591
-11	-41	5	-28	-15	29	-22	11	cell = 592 to 599
-31	21	-43	-24	-12	-32	11	-21	cell = 600 to 607
4	-26	-11	8	-39	-45	-6	-11	cell = 608 to 615
-6	-17	-13	-9	-28	-37	20	-22	cell = 616 to 623
-22	-49	-26	21	-10	7	-37	-12	cell = 624 to 631
-16	-13	-3	-12	-18	0	-27	11	cell = 632 to 639
-61	-28	-10	-20	-11	-8	-22	-26	cell = 640 to 647
-50	-63	18	-44	10	-11	0	-1	cell = 648 to 655
17	-53	-4	-56	-16	-10	-13	-36	cell = 656 to 663
-22	-3	31	-13	1	-16	1	-67	cell = 664 to 671
-40	-44	39	-10	4	7	-20	-41	cell = 672 to 679
-12	6	44	-61	6	-54	0	-8	cell = 680 to 687
-13	-15	-10	-38	-27	-7	6	-29	cell = 688 to 695
-24	15	1	-42	-40	0	-6	-12	cell = 696 to 703
-42	-4	-31	-33	4	-17	23	-38	cell = 704 to 711
-26	17	-31	-27	-5	-23	-16	-44	cell = 712 to 719
0	-23	-18	-29	11	-24	17	-2	cell = 720 to 727
-6	-10	-29	-4	-33	-46	-20	-12	cell = 728 to 735
-37	3	-20	-26	-35	10	-33	-48	cell = 736 to 743
-62	22	-6	-23	4	-24	-4	-29	cell = 744 to 751
0	8	40	-29	-21	-34	36	34	cell = 752 to 759
-40	-2	0	-27	-39	-24	-11	-10	cell = 760 to 767
-35	-46	12	-12	-22	6	-30	-32	cell = 768 to 775
-3	-29	16	-31	-41	-23	1	-63	cell = 776 to 783
-11	5	-21	0	-34	-41	-40	-18	cell = 784 to 791
-9	25	22	4	0	-29	5	-26	cell = 792 to 799
21	-6	20	-26	-22	25	-1	-42	cell = 800 to 807
-30	2	11	-22	15	2	-31	-1	cell = 808 to 815
-34	-7	-11	-28	-62	12	4	1	cell = 816 to 823
-11	14	-12	-35	-27	-4	-9	-37	cell = 824 to 831
-36	-10	-19	-22	-15	-28	-6	-8	cell = 832 to 839
10	7	-23	-29	-17	-21	-47	-31	cell = 840 to 847
-37	-78	-20	-10	-8	-65	-9	1	cell = 848 to 855
-3	1	-22	-16	17	4	-15	-36	cell = 856 to 863
20	-4	19	-54	-15	-20	-3	-47	cell = 864 to 871
-5	-2	1	-17	-38	19	-16	-34	cell = 872 to 879
-54	2	3	-80	-37	-28	6	-17	cell = 880 to 887
-24	-41	-6	-22	2	-5	-18	-41	cell = 888 to 895
-36	-25	-6	-37	-10	-18	-42	-19	cell = 896 to 903
-41	-54	1	3	-38	-35	-31	-33	cell = 904 to 911
-52	15	-28	-49	-26	15	-16	-2	cell = 912 to 919
-61	-38	9	-68	-19	-16	8	-5	cell = 920 to 927
-44	-22	-34	-33	7	-26	-27	0	cell = 928 to 935
-38	-10	-38	-8	-21	-57	-18	-12	cell = 936 to 943
15	-1	-35	-30	-6	7	-7	-17	cell = 944 to 951
-80	-31	-47	-29	-25	-22	-43	-29	cell = 952 to 959
-28	-23	-4	-7	-40	-10	13	-7	cell = 960 to 967
4	-15	28	-6	-38	-13	-32	-68	cell = 968 to 975
-34	-25	-25	-34	-20	-5	-36	-24	cell = 976 to 983
11	-38	-21	-22	-36	-26	-17	-42	cell = 984 to 991
-17	-37	-40	-18	13	-27	-34	-31	cell = 992 to 999
-50	-15	-24	-9	-43	8	0	-13	cell = 1000 to 1007
3	-14	-39	-52	-21	-26	-4	16	cell = 1008 to 1015
-21	-27	3	-43	-47	3	-50	-20	cell = 1016 to 1023
Calibration values from cell 0 to 1024 for channel 5:

-6	-4	28	-13	107	-12	70	-2	cell = 0 to 7
17	31	37	3	54	-47	32	16	cell = 8 to 15
17	-5	43	-34	36	-21	3	-18	cell = 16 to 23
32	-3	40	-2	60	17	58	-14	cell = 24 to 31
50	-8	55	0	52	11	57	12	cell = 32 to 39
58	12	38	23	22	4	37	-33	cell = 40 to 47
19	-54	26	4	85	1	53	9	cell = 48 to 55
53	5	42	-19	63	-9	41	-24	cell = 56 to 63
34	-23	50	9	34	-36	68	19	cell = 64 to 71
39	31	30	-19	59	-37	48	19	cell = 72 to 79
25	-13	52	-12	41	7	29	44	cell = 80 to 87
37	-37	48	-9	70	1	84	-10	cell = 88 to 95
49	0	50	1	69	-13	52	5	cell = 96 to 103
48	-5	59	-19	52	-32	21	-25	cell = 104 to 111
24	0	3	11	32	2	60	-27	cell = 112 to 119
49	-19	50	-8	54	3	44	-19	cell = 120 to 127
44	1	73	-8	68	-8	37	6	cell = 128 to 135
42	-19	19	-23	48	-21	68	-39	cell = 136 to 143
62	-60	60	-19	38	-35	5	-15	cell = 144 to 151
54	7	37	-8	24	2	21	21	cell = 152 to 159
68	-19	41	-36	99	-29	60	44	cell = 160 to 167
3	0	43	-2	50	2	65	30	cell = 168 to 175
43	14	57	-19	44	-45	19	-29	cell = 176 to 183
68	19	23	-12	63	-54	64	-28	cell = 184 to 191
36	-32	86	-30	15	-31	26	1	cell = 192 to 199
69	-4	73	-6	47	-17	13	20	cell = 200 to 207
47	2	23	-8	66	19	33	7	cell = 208 to 215
34	-35	36	-22	72	-8	48	10	cell = 216 to 223
35	-33	35	7	83	-16	17	-4	cell = 224 to 231
54	-25	39	1	59	-34	31	-12	cell = 232 to 239
75	20	40	-25	42	-26	36	-12	cell = 240 to 247
44	-15	47	-18	59	-30	46	0	cell = 248 to 255
37	-33	36	-22	83	8	44	-14	cell = 256 to 263
70	-22	54	8	92	2	2	1	cell = 264 to 271
23	2	34	-4	32	-27	13	17	cell = 272 to 279
32	-10	28	19	73	-37	52	9	cell = 280 to 287
37	-25	24	12	45	-68	42	-4	cell = 288 to 295
74	-4	93	0	56	3	45	16	cell = 296 to 303
50	4	8	23	83	-30	27	47	cell = 304 to 311
67	-14	70	-40	-19	1	34	6	cell = 312 to 319
24	-32	44	-14	26	-42	20	-16	cell = 320 to 327
54	-5	74	27	59	-14	-3	-34	cell = 328 to 335
41	-10	25	10	53	-6	51	-2	cell = 336 to 343
9	-23	44	5	46	-31	47	-52	cell = 344 to 351
31	-9	55	-9	31	-24	26	1	cell = 352 to 359
31	-40	42	-34	81	-34	11	-38	cell = 360 to 367
57	-2	40	-46	48	-12	52	25	cell = 368 to 375
22	-15	14	-11	56	3	2	-3	cell = 376 to 383
52	7	-12	9	50	-17	48	-36	cell = 384 to 391
68	-37	48	-24	82	-37	5	16	cell = 392 to 399
55	-3	40	-55	49	-9	45	24	cell = 400 to 407
50	11	62	39	29	-4	43	2	cell = 408 to 415
-1	-39	32	-3	84	-33	64	-18	cell = 416 to 423
22	-5	34	2	52	-42	47	-27	cell = 424 to 431
33	-2	14	-34	48	-52	26	-41	cell = 432 to 439
57	-14	64	-52	46	-5	53	-23	cell = 440 to 447
29	-26	44	-17	44	6	42	14	cell = 448 to 455
3	-7	59	60	34	-25	30	-18	cell = 456 to 463
40	-28	24	15	23	-32	40	-15	cell = 464 to 471
99	-64	47	-3	46	-33	24	-2	cell = 472 to 479
42	0	71	-30	54	12	77	-16	cell = 480 to 487
51	-41	18	18	64	-29	62	6	cell = 488 to 495
73	-25	-21	-45	8	-57	-29	-75	cell = 496 to 503
70	24	52	22	33	-5	57	-9	cell = 504 to 511
-10	-58	-41	-53	-10	4	9	-53	cell = 512 to 519
-7	16	-21	-12	-11	-1	-26	-38	cell = 520 to 527
-12	19	-7	-28	-43	0	15	1	cell = 528 to 535
-16	-29	-20	-35	-26	-25	3	9	cell = 536 to 543
18	6	-13	7	-30	-40	-20	-30	cell = 544 to 551
-11	-3	-50	-34	-17	-6	-10	-22	cell = 552 to 559
16	-1	1	-4	11	-41	-24	-11	cell = 560 to 567
-49	-24	-42	-23	-20	-19	-12	-35	cell = 568 to 575
-32	-69	-38	-17	8	-20	-30	-23	cell = 576 to 583
-33	25	-29	-15	-13	-43	-32	-48	cell = 584 to 591
-52	25	-33	1	-12	-2	0	-33	cell = 592 to 599
-25	-40	-20	-45	-61	-20	-21	-3	cell = 600 to 607
-50	-27	-32	21	-55	-2	9	-29	cell = 608 to 615
-29	-12	3	-25	-12	42	-28	-27	cell = 616 to 623
-53	18	5	-44	-26	-28	12	-25	cell = 624 to 631
-6	-39	3	20	-17	-28	3	-21	cell = 632 to 639
-21	-13	-38	-7	-49	-13	-47	-18	cell = 640 to 647
-36	-3	-59	-21	0	-18	6	-36	cell = 648 to 655
-31	9	-44	-4	-3	-17	22	-19	cell = 656 to 663
-50	12	-10	-44	-30	18	16	-11	cell = 664 to 671
-18	6	-17	-31	-37	-29	-48	-49	cell = 672 to 679
-2	-18	-9	-20	-40	-14	-40	0	cell = 680 to 687
-21	-11	-23	-36	-24	-16	11	-32	cell = 688 to 695
20	-39	-7	-32	-23	-10	17	-13	cell = 696 to 703
-33	-15	-1	-42	-29	-19	-13	-25	cell = 704 to 711
-6	-11	4	-42	-32	-8	-17	-24	cell = 712 to 719
-30	-1	-36	-15	-29	-25	-44	-6	cell = 720 to 727
-11	23	-43	-16	5	-7	11	21	cell = 728 to 735
26	12	-43	20	-5	10	-15	1	cell = 736 to 743
-19	-4	24	15	-24	-31	3	-3	cell = 744 to 751
21	19	-13	-5	-63	1	-35	-17	cell = 752 to 759
-30	-53	-5	17	19	-3	44	-12	cell = 760 to 767
0	-4	-12	-30	-7	5	-39	-38	cell = 768 to 775
-4	-15	4	-41	-4	-40	5	-64	cell = 776 to 783
3	0	1	-26	-45	5	-29	-44	cell = 784 to 791
-44	3	-43	-28	-57	-29	9	-26	cell = 792 to 799
-13	-1	-39	-30	-27	-33	-8	0	cell = 800 to 807
-35	-19	14	-34	-17	9	19	-12	cell = 808 to 815
14	-42	6	14	-11	-35	-13	19	cell = 816 to 823
-24	-3	-46	-9	-59	-7	-37	-16	cell = 824 to 831
-34	-25	7	-6	0	-65	-40	-26	cell = 832 to 839
-29	-14	-22	-10	-6	27	8	-35	cell = 840 to 847
9	-33	20	12	-16	11	5	-21	cell = 848 to 855
-65	-30	-26	-2	-23	-24	-21	-24	cell = 856 to 863
-8	-49	22	-1	-18	0	-11	-6	cell = 864 to 871
-29	8	-20	-28	-32	-58	4	-69	cell = 872 to 879
-39	-9	10	-21	-49	-23	-12	13	cell = 880 to 887
-13	-11	-14	-11	25	20	-14	29	cell = 888 to 895
-15	-62	-47	-43	-69	-25	-22	-22	cell = 896 to 903
-19	-20	-49	-47	-2	-1	-35	-28	cell = 904 to 911
-15	10	-7	-10	-22	6	-24	-51	cell = 912 to 919
-2	17	-19	-14	-37	-41	-8	-40	cell = 920 to 927
-46	-13	3	-8	-21	-16	25	-33	cell = 928 to 935
-41	-20	-19	-23	-15	22	-35	-20	cell = 936 to 943
6	8	-12	-36	-24	-62	17	9	cell = 944 to 951
-13	-12	-10	-35	-10	-26	0	-19	cell = 952 to 959
-20	-20	-20	-55	-16	48	22	-29	cell = 960 to 967
-9	-19	-24	-32	-17	-52	-8	-57	cell = 968 to 975
-38	27	-26	-8	-18	-13	-34	25	cell = 976 to 983
0	16	-25	-47	4	-2	-39	1	cell = 984 to 991
18	-47	-20	-41	-8	21	-4	-26	cell = 992 to 999
-24	-50	-4	-10	-15	-35	-23	-35	cell = 1000 to 1007
-5	-41	-40	-7	-74	-10	-28	-40	cell = 1008 to 1015
8	15	-52	-34	5	36	-62	-8	cell = 1016 to 1023
Calibration values from cell 0 to 1024 for channel 6:

64	-25	6	-70	9	-38	62	5	cell = 0 to 7
32	-39	54	21	45	-7	43	28	cell = 8 to 15
27	-23	79	-28	39	-4	59	-28	cell = 16 to 23
32	-56	82	-5	46	19	53	-22	cell = 24 to 31
2	-30	45	-28	45	-35	52	12	cell = 32 to 39
38	-27	33	-25	86	-13	67	33	cell = 40 to 47
75	-20	28	-9	15	16	59	-52	cell = 48 to 55
82	-12	4	-3	62	-5	29	-43	cell = 56 to 63
19	-50	8	18	24	-10	37	-18	cell = 64 to 71
35	-26	67	-21	65	-15	46	9	cell = 72 to 79
29	-22	49	-2	70	5	23	4	cell = 80 to 87
30	-5	46	-9	29	-7	38	10	cell = 88 to 95
60	-24	3	7	59	-43	71	12	cell = 96 to 103
82	-12	69	-19	47	13	61	-2	cell = 104 to 111
38	-11	53	-3	35	-16	52	40	cell = 112 to 119
61	10	36	-23	23	-24	-14	-31	cell = 120 to 127
27	-5	66	-25	77	-36	36	7	cell = 128 to 135
59	8	68	-6	30	5	30	-18	cell = 136 to 143
43	-14	-5	14	65	-25	26	-26	cell = 144 to 151
52	14	35	-28	62	19	51	11	cell = 152 to 159
37	-13	26	-8	47	-25	45	-27	cell = 160 to 167
50	17	40	13	96	-34	16	14	cell = 168 to 175
53	-24	15	-3	30	-11	52	-10	cell = 176 to 183
40	-16	56	-7	66	-21	42	-49	cell = 184 to 191
30	-22	31	9	52	10	45	-16	cell = 192 to 199
91	-24	56	36	49	0	60	-22	cell = 200 to 207
65	-27	39	-18	32	-25	53	-49	cell = 208 to 215
77	0	51	-37	33	8	44	-26	cell = 216 to 223
53	-13	50	-39	41	-15	38	-35	cell = 224 to 231
80	5	40	-1	67	0	43	-30	cell = 232 to 239
65	-10	19	28	53	-51	30	5	cell = 240 to 247
44	-18	53	0	20	46	41	-13	cell = 248 to 255
54	-25	54	-42	55	4	37	6	cell = 256 to 263
6	-9	62	34	21	-26	62	-18	cell = 264 to 271
47	-27	46	18	21	-19	35	42	cell = 272 to 279
70	-17	31	9	84	-21	48	-19	cell = 280 to 287
43	22	40	-23	43	-31	30	46	cell = 288 to 295
42	-16	53	-31	27	-20	33	1	cell = 296 to 303
89	-9	38	-27	47	-17	46	22	cell = 304 to 311
44	-26	57	-23	24	-27	27	-13	cell = 312 to 319
37	-44	54	5	25	30	31	20	cell = 320 to 327
53	-33	21	4	10	-26	31	7	cell = 328 to 335
17	-9	29	-12	16	14	29	7	cell = 336 to 343
64	4	47	21	37	3	75	7	cell = 344 to 351
68	-10	27	-43	6	-32	48	21	cell = 352 to 359
57	23	95	-35	53	-13	30	14	cell = 360 to 367
41	1	46	16	29	0	-2	-29	cell = 368 to 375
31	20	56	-33	18	16	50	-13	cell = 376 to 383
55	-22	17	21	57	-28	23	-13	cell = 384 to 391
19	-40	48	-25	21	2	16	12	cell = 392 to 399
27	-56	84	0	85	-6	26	9	cell = 400 to 407
54	8	58	-15	37	-5	52	33	cell = 408 to 415
33	-2	90	-16	61	1	28	3	cell = 416 to 423
85	-29	36	-3	34	-41	7	22	cell = 424 to 431
29	20	70	21	38	-38	52	-11	cell = 432 to 439
28	5	74	10	74	-48	72	10	cell = 440 to 447
41	-24	70	0	43	-22	35	-21	cell = 448 to 455
26	14	29	-25	35	-3	89	6	cell = 456 to 463
45	1	22	-15	31	-13	72	-29	cell = 464 to 471
59	-11	51	-5	25	-44	22	-25	cell = 472 to 479
41	-25	15	-14	68	-29	46	14	cell = 480 to 487
13	-38	24	8	50	-32	60	0	cell = 488 to 495
20	6	-9	-103	-25	-81	-31	-62	cell = 496 to 503
70	-6	34	-3	34	-8	-3	-8	cell = 504 to 511
-18	4	14	-20	-18	4	4	28	cell = 512 to 519
-4	-60	-49	-45	0	-16	-27	-42	cell = 520 to 527
-35	4	-30	5	-6	-45	25	-9	cell = 528 to 535
-33	-23	19	-26	-15	-2	11	-34	cell = 536 to 543
-10	-5	-12	-33	-68	-23	-21	-43	cell = 544 to 551
-27	-13	-24	-24	-13	-20	5	-25	cell = 552 to 559
-25	-17	-33	-37	-17	0	-14	-30	cell = 560 to 567
-49	-25	-18	3	4	-32	-23	-21	cell = 568 to 575
-40	-18	-25	-33	-34	-35	-30	-48	cell = 576 to 583
18	-31	-3	-15	3	-53	29	1	cell = 584 to 591
-10	-18	3	8	9	-27	-3	-20	cell = 592 to 599
-10	15	2	-2	-2	-20	16	-28	cell = 600 to 607
-37	8	-21	-7	-23	-22	-14	-27	cell = 608 to 615
-18	11	-25	-15	-23	4	-26	9	cell = 616 to 623
-16	-8	-2	-6	-36	-45	1	-53	cell = 624 to 631
-27	-47	0	-47	-42	-20	-11	8	cell = 632 to 639
-16	-72	-12	-10	-36	-29	-7	-8	cell = 640 to 647
-12	-34	-7	-28	0	-12	32	9	cell = 648 to 655
-1	18	-13	-47	-50	13	-14	12	cell = 656 to 663
-29	-5	0	17	-15	-68	-15	10	cell = 664 to 671
-10	-8	-22	-12	-34	-8	-19	2	cell = 672 to 679
-19	-24	20	-37	-42	-2	-15	-27	cell = 680 to 687
-11	-23	5	-32	9	5	-31	-13	cell = 688 to 695
-12	-5	-1	-27	-38	25	-25	10	cell = 696 to 703
-16	-16	11	-37	14	3	-40	-22	cell = 704 to 711
-12	16	12	-36	-52	-29	-18	-24	cell = 712 to 719
6	-14	-21	-9	-45	2	33	-8	cell = 720 to 727
-27	-17	-39	-29	-50	-14	-17	-1	cell = 728 to 735
19	-25	-20	-40	-30	-12	-32	-52	cell = 736 to 743
-53	-7	7	-17	-22	5	8	2	cell = 744 to 751
-28	-4	7	-26	-50	-23	23	-35	cell = 752 to 759
-36	-27	-17	-65	0	-40	-32	16	cell = 760 to 767
-11	-57	-24	-34	-59	-48	-19	-62	cell = 768 to 775
-38	-39	8	-18	-57	-14	-18	-34	cell = 776 to 783
-38	13	-43	-8	-29	0	0	1	cell = 784 to 791
6	-6	0	-23	16	-12	-42	-55	cell = 792 to 799
-4	-22	-23	-2	-31	-8	-4	20	cell = 800 to 807
-11	-8	-32	-9	-34	-10	52	-20	cell = 808 to 815
-16	33	27	-38	6	-30	-38	-25	cell = 816 to 823
-17	-30	-23	-48	-22	-37	-11	-27	cell = 824 to 831
0	-5	-8	-34	-10	-2	10	-30	cell = 832 to 839
-54	-30	-14	20	-22	-36	-5	-1	cell = 840 to 847
-41	-22	-6	-20	27	-9	-9	-26	cell = 848 to 855
-1	-34	2	-6	2	-22	-9	0	cell = 856 to 863
-40	-40	21	-7	-13	-14	0	-50	cell = 864 to 871
-30	-3	-3	-37	-22	-5	-20	-30	cell = 872 to 879
-9	-20	-16	-42	-5	-7	-27	-24	cell = 880 to 887
-43	-7	16	0	-8	-36	-11	-38	cell = 888 to 895
-40	-4	-18	-19	-17	-20	15	-9	cell = 896 to 903
4	31	4	-43	-24	-5	43	-30	cell = 904 to 911
-3	-33	-30	14	-11	1	-37	-71	cell = 912 to 919
-23	0	28	-21	17	11	-5	-5	cell = 920 to 927
-69	-22	-43	-44	-50	-31	-25	-16	cell = 928 to 935
-14	21	-5	-17	-19	13	32	-20	cell = 936 to 943
-12	-32	-22	-14	-54	-39	13	-2	cell = 944 to 951
8	-24	-11	-5	21	-12	-46	-43	cell = 952 to 959
-37	-22	-18	-14	-31	-14	-2	-13	cell = 960 to 967
-26	-38	-26	-11	-39	-28	-36	-5	cell = 968 to 975
-28	25	-47	-52	-21	-2	-38	-51	cell = 976 to 983
13	-13	-26	-35	-5	4	8	11	cell = 984 to 991
-28	-43	-35	-2	-56	-19	8	-25	cell = 992 to 999
-11	-5	-17	-45	-23	-17	-11	-14	cell = 1000 to 1007
-21	-6	-35	-43	-39	-48	-26	-46	cell = 1008 to 1015
26	-19	27	-26	-52	-55	8	-50	cell = 1016 to 1023
Calibration values from cell 0 to 1024 for channel 7:

55	-23	57	9	31	-21	58	-37	cell = 0 to 7
34	17	53	-30	71	-15	20	-32	cell = 8 to 15
73	-3	34	-27	35	-45	33	-13	cell = 16 to 23
20	-18	28	-11	50	-21	58	17	cell = 24 to 31
40	0	23	1	83	-4	42	7	cell = 32 to 39
79	-20	53	-30	44	4	43	-29	cell = 40 to 47
100	3	97	-11	19	-6	53	-11	cell = 48 to 55
35	-33	50	6	58	-15	-9	13	cell = 56 to 63
26	-49	30	-6	100	-22	25	1	cell = 64 to 71
97	-6	30	9	38	-9	57	-5	cell = 72 to 79
40	-27	59	-43	-9	-11	15	-6	cell = 80 to 87
40	-11	15	-52	44	-9	59	6	cell = 88 to 95
42	-17	2	-18	32	-14	36	-12	cell = 96 to 103
55	-16	34	-15	17	29	56	-17	cell = 104 to 111
19	-9	16	-12	69	-20	68	21	cell = 112 to 119
50	11	59	-17	11	8	69	24	cell = 120 to 127
37	-25	58	-26	22	-27	32	-12	cell = 128 to 135
9	12	64	14	44	-39	28	-31	cell = 136 to 143
39	-36	21	26	59	-28	61	31	cell = 144 to 151
66	-13	80	-37	46	10	71	5	cell = 152 to 159
53	-7	45	6	14	-17	26	12	cell = 160 to 167
28	-39	87	10	55	-30	36	8	cell = 168 to 175
43	-29	10	-21	39	-9	36	32	cell = 176 to 183
51	-10	41	-10	57	-55	38	19	cell = 184 to 191
25	-49	27	0	28	-19	29	-17	cell = 192 to 199
63	-31	16	7	72	-32	58	-10	cell = 200 to 207
61	-22	43	-1	53	-40	29	-11	cell = 208 to 215
63	-20	69	-25	49	-3	38	-45	cell = 216 to 223
20	-6	38	-5	67	43	29	15	cell = 224 to 231
28	5	41	22	80	10	49	16	cell = 232 to 239
70	-1	41	-12	27	21	64	-11	cell = 240 to 247
87	-30	62	-15	56	2	13	-52	cell = 248 to 255
46	-31	12	-10	23	-8	50	-9	cell = 256 to 263
41	30	37	26	3	10	48	-9	cell = 264 to 271
64	-23	53	6	56	-20	52	1	cell = 272 to 279
28	0	37	-34	91	-17	35	21	cell = 280 to 287
45	-16	36	12	42	27	13	-6	cell = 288 to 295
58	10	45	-35	71	-19	53	-5	cell = 296 to 303
45	-20	41	-9	47	9	58	-6	cell = 304 to 311
67	-22	37	-23	46	44	65	9	cell = 312 to 319
24	-10	42	-21	16	-40	41	-22	cell = 320 to 327
21	5	52	-5	74	8	53	-1	cell = 328 to 335
47	-18	35	-18	49	15	15	18	cell = 336 to 343
54	-18	52	-11	68	-35	41	-36	cell = 344 to 351
71	-17	59	-38	59	-28	26	-17	cell = 352 to 359
30	-7	44	-21	54	35	1	17	cell = 360 to 367
35	0	31	-30	20	-6	62	-10	cell = 368 to 375
31	-20	92	-16	76	-42	31	33	cell = 376 to 383
34	-21	66	-33	59	6	28	-2	cell = 384 to 391
10	-2	57	-18	10	-16	78	-9	cell = 392 to 399
43	-18	49	-37	50	-6	75	-6	cell = 400 to 407
4	-4	24	9	39	16	47	-15	cell = 408 to 415
28	-4	32	0	66	-3	40	14	cell = 416 to 423
60	-28	49	-19	59	-20	53	-28	cell = 424 to 431
23	-14	29	-34	40	-31	19	15	cell = 432 to 439
47	-32	35	-20	71	-21	30	-14	cell = 440 to 447
82	-2	79	-22	59	-10	41	9	cell = 448 to 455
30	-10	21	-18	-9	17	53	-19	cell = 456 to 463
50	-19	70	-19	63	-33	39	-19	cell = 464 to 471
68	0	73	4	40	-25	9	2	cell = 472 to 479
54	-22	70	10	34	-51	85	-26	cell = 480 to 487
21	0	53	-2	36	15	33	13	cell = 488 to 495
45	-21	-22	-91	-36	-74	-33	-102	cell = 496 to 503
70	-2	17	12	2	-56	51	19	cell = 504 to 511
4	6	-3	0	-9	-29	-40	-8	cell = 512 to 519
-42	-40	-10	-21	-42	-11	-27	1	cell = 520 to 527
-13	25	-13	-7	-60	-11	-12	-46	cell = 528 to 535
-17	-4	-5	-5	-20	-28	8	39	cell = 536 to 543
-27	-52	-7	-1	-8	9	29	-25	cell = 544 to 551
-8	14	6	-12	-47	-35	-21	-16	cell = 552 to 559
-67	4	-42	-53	-58	-21	1	-91	cell = 560 to 567
-38	-32	-6	-31	-24	-16	-14	21	cell = 568 to 575
-48	14	-14	17	5	-63	28	-21	cell = 576 to 583
20	-17	10	-2	-11	-25	-50	-29	cell = 584 to 591
-44	-7	-12	-29	-15	8	2	-46	cell = 592 to 599
-6	20	-12	-22	-23	5	-40	-16	cell = 600 to 607
-33	-4	-14	-10	-22	-18	11	-23	cell = 608 to 615
-68	-11	-20	28	-21	-21	-8	9	cell = 616 to 623
-11	-31	-36	-51	-13	-47	4	-42	cell = 624 to 631
-35	-49	-4	-34	-23	-34	18	-65	cell = 632 to 639
-44	-28	2	-21	-24	-11	-9	-23	cell = 640 to 647
-43	-64	-37	-43	-2	-20	-7	43	cell = 648 to 655
-38	23	16	-36	-19	1	-1	16	cell = 656 to 663
4	-51	-58	-39	-18	-30	-6	5	cell = 664 to 671
-53	14	-6	-34	-3	-14	6	6	cell = 672 to 679
-35	-24	-30	-50	-22	-2	10	-47	cell = 680 to 687
-80	-30	-22	5	-30	-16	-17	-17	cell = 688 to 695
-45	9	-66	-10	-19	22	-41	-55	cell = 696 to 703
-27	1	-20	-12	-4	6	7	-3	cell = 704 to 711
-44	-47	-30	-33	-9	13	8	14	cell = 712 to 719
-19	-35	3	-10	-18	-3	-23	-40	cell = 720 to 727
-55	-16	9	-27	-16	-8	-19	-50	cell = 728 to 735
-39	-22	-2	-52	-51	-3	-11	-50	cell = 736 to 743
-20	-22	12	-32	-41	-20	-57	-63	cell = 744 to 751
-49	6	8	-17	-31	-12	0	-6	cell = 752 to 759
-10	-33	0	-20	-62	-2	21	-19	cell = 760 to 767
-47	-37	-10	-42	-18	-15	-23	-35	cell = 768 to 775
6	-10	11	-55	-3	11	-53	-34	cell = 776 to 783
13	7	7	3	-55	-37	-30	8	cell = 784 to 791
11	-15	7	-11	-42	-20	-32	-26	cell = 792 to 799
-9	-10	-21	-14	-17	-22	22	-37	cell = 800 to 807
-2	-10	27	-5	5	-17	-19	-2	cell = 808 to 815
-24	-2	-4	-11	15	-10	7	3	cell = 816 to 823
-22	-16	-27	-41	-13	0	28	-42	cell = 824 to 831
7	-30	-39	-20	-9	-45	-15	-58	cell = 832 to 839
-38	-6	-8	-19	-30	-4	9	20	cell = 840 to 847
8	-16	12	-6	-9	15	-4	-32	cell = 848 to 855
-4	-18	-29	11	-8	-30	-19	-28	cell = 856 to 863
-12	3	6	-10	12	-1	-19	-27	cell = 864 to 871
-26	-30	-58	-55	-41	-15	18	-22	cell = 872 to 879
-28	-50	-2	-14	-35	19	0	54	cell = 880 to 887
-16	-8	5	-21	-18	2	-8	-13	cell = 888 to 895
-45	-37	-24	-17	-9	-6	-53	-25	cell = 896 to 903
-26	12	16	-19	-8	-24	-10	-44	cell = 904 to 911
-23	-60	-21	-9	11	-14	0	2	cell = 912 to 919
-13	-14	-2	-14	14	-46	3	-55	cell = 920 to 927
-30	-13	12	31	-37	-54	-18	-4	cell = 928 to 935
-41	-20	-35	-26	-18	-13	-38	-20	cell = 936 to 943
-7	-31	-13	-6	14	-31	-38	8	cell = 944 to 951
13	-27	-5	-44	-27	-13	14	-3	cell = 952 to 959
-45	-6	26	-53	-33	6	-24	-26	cell = 960 to 967
-10	-23	-31	-62	31	-5	-15	-20	cell = 968 to 975
-15	-10	-6	-32	13	-35	-23	3	cell = 976 to 983
20	1	-41	-16	-13	30	3	-16	cell = 984 to 991
4	-2	-2	-24	-26	-5	1	-51	cell = 992 to 999
-67	-6	-7	-21	-32	32	-8	-16	cell = 1000 to 1007
-19	-41	-20	7	-45	-48	3	4	cell = 1008 to 1015
-35	-14	3	-36	-41	-26	9	-17	cell = 1016 to 1023
Calibration values from cell 0 to 1024 for channel 8:

84	29	52	15	51	1	46	-20	cell = 0 to 7
25	-45	27	-20	30	-16	61	-25	cell = 8 to 15
22	-8	45	5	52	-13	43	37	cell = 16 to 23
31	3	39	10	26	-6	54	13	cell = 24 to 31
54	3	41	9	55	19	78	12	cell = 32 to 39
83	-29	79	-44	68	-10	52	-31	cell = 40 to 47
42	4	73	7	49	-4	48	22	cell = 48 to 55
46	-8	4	26	38	22	9	-16	cell = 56 to 63
46	0	1	-2	33	1	50	-1	cell = 64 to 71
7	9	29	15	64	24	35	10	cell = 72 to 79
27	-7	69	-8	89	4	50	20	cell = 80 to 87
66	0	62	0	43	-10	59	-35	cell = 88 to 95
27	3	55	10	48	-32	28	-25	cell = 96 to 103
47	-31	70	-4	31	-27	66	-11	cell = 104 to 111
52	28	54	34	37	22	72	0	cell = 112 to 119
45	4	46	-13	53	-20	33	-39	cell = 120 to 127
59	-12	14	-2	45	15	29	-2	cell = 128 to 135
52	6	70	-18	42	-61	68	0	cell = 136 to 143
56	-12	49	-2	72	-17	64	1	cell = 144 to 151
65	19	55	13	24	-5	14	38	cell = 152 to 159
38	11	48	-3	85	25	54	-17	cell = 160 to 167
71	7	58	-1	70	23	55	3	cell = 168 to 175
42	-63	77	17	55	9	8	-11	cell = 176 to 183
98	29	73	45	28	8	51	31	cell = 184 to 191
48	-34	16	11	69	-11	18	-4	cell = 192 to 199
49	-16	24	41	37	-30	19	-1	cell = 200 to 207
46	33	10	7	32	-2	45	-28	cell = 208 to 215
65	25	76	-8	61	5	0	14	cell = 216 to 223
49	-25	35	4	35	-10	55	20	cell = 224 to 231
21	-28	49	5	68	10	51	10	cell = 232 to 239
41	-12	18	-10	39	-22	50	11	cell = 240 to 247
54	15	51	17	40	18	32	-24	cell = 248 to 255
44	-59	26	-39	37	-39	48	35	cell = 256 to 263
32	16	15	-6	41	-5	50	17	cell = 264 to 271
37	-4	37	13	33	-15	12	33	cell = 272 to 279
21	-33	74	13	50	-33	23	19	cell = 280 to 287
58	-15	75	-33	38	7	38	0	cell = 288 to 295
35	-22	12	-21	38	29	66	11	cell = 296 to 303
69	-33	38	-13	19	3	27	-31	cell = 304 to 311
31	-25	50	21	4	-41	15	-11	cell = 312 to 319
14	-6	47	-14	34	-11	28	10	cell = 320 to 327
9	-59	56	-6	43	9	53	35	cell = 328 to 335
15	-35	65	-15	43	23	49	-22	cell = 336 to 343
52	4	50	-21	38	-27	28	6	cell = 344 to 351
35	-10	-10	-7	28	-14	45	-26	cell = 352 to 359
14	-32	50	-3	41	0	50	-19	cell = 360 to 367
55	-13	-17	-4	14	29	26	-13	cell = 368 to 375
54	-26	49	-2	51	-6	8	-25	cell = 376 to 383
56	-34	39	-7	41	6	29	28	cell = 384 to 391
35	-18	39	-33	58	-39	33	46	cell = 392 to 399
34	12	43	8	68	34	72	-35	cell = 400 to 407
70	12	47	30	28	-21	48	-9	cell = 408 to 415
15	5	44	-4	33	-9	26	0	cell = 416 to 423
65	-35	52	17	96	0	50	10	cell = 424 to 431
50	-5	82	4	16	-6	42	14	cell = 432 to 439
50	-13	60	9	58	-2	31	1	cell = 440 to 447
24	-8	5	-38	61	17	14	32	cell = 448 to 455
46	-9	57	2	16	-2	54	-8	cell = 456 to 463
39	22	34	-7	63	16	41	33	cell = 464 to 471
55	5	24	0	47	-51	13	19	cell = 472 to 479
34	11	43	-50	31	-6	33	19	cell = 480 to 487
53	-18	59	14	47	-23	19	-26	cell = 488 to 495
29	-4	-44	-65	-47	-70	52	-73	cell = 496 to 503
64	37	27	-39	50	-11	48	-12	cell = 504 to 511
-16	-7	-22	5	-53	-1	-29	-21	cell = 512 to 519
-21	-48	-22	-29	-29	-55	-26	5	cell = 520 to 527
-58	-11	-4	-45	-32	-20	-44	13	cell = 528 to 535
-16	14	-49	-4	-10	20	-6	7	cell = 536 to 543
-19	-15	-39	-12	-21	32	-32	-37	cell = 544 to 551
-43	25	1	-53	-46	-30	-27	-15	cell = 552 to 559
-47	-8	-19	-7	-37	-22	-28	-4	cell = 560 to 567
-36	4	-20	-17	-25	18	1	-18	cell = 568 to 575
-51	-14	-24	10	-25	-34	1	-34	cell = 576 to 583
-51	-47	-14	-18	-31	-18	-44	-19	cell = 584 to 591
-29	-54	4	-17	-54	-7	-27	-59	cell = 592 to 599
-13	0	-27	-24	-41	-35	12	-22	cell = 600 to 607
-23	16	2	-53	14	-24	-21	-6	cell = 608 to 615
4	-19	-14	-17	-29	-11	-56	6	cell = 616 to 623
-37	0	-20	-59	-12	-82	-31	6	cell = 624 to 631
-51	-30	-8	-5	-38	-35	3	-41	cell = 632 to 639
-6	-33	-21	4	-10	-4	-23	-67	cell = 640 to 647
-27	-31	-40	-45	-43	-13	-30	-44	cell = 648 to 655
-46	-60	-10	-40	16	10	2	-40	cell = 656 to 663
-21	-26	-39	-34	-28	-25	-50	-40	cell = 664 to 671
-34	-16	-16	-33	-27	16	-48	-19	cell = 672 to 679
15	-30	-11	-4	25	12	-12	-33	cell = 680 to 687
-57	-49	-6	-34	-1	-9	16	-7	cell = 688 to 695
-40	-15	-37	-4	-27	9	-32	-26	cell = 696 to 703
-73	-63	-15	4	27	-34	-7	-27	cell = 704 to 711
-10	-22	-51	-11	-47	12	-15	-39	cell = 712 to 719
-19	-9	-11	22	-20	-28	-42	-43	cell = 720 to 727
-5	-4	-56	-45	-8	-27	-35	-16	cell = 728 to 735
-31	-18	-23	-28	0	-44	-18	-49	cell = 736 to 743
-30	2	-19	-36	-11	-23	-42	0	cell = 744 to 751
-18	-3	-11	-9	-40	5	-24	12	cell = 752 to 759
6	4	-30	3	-39	-2	-10	-14	cell = 760 to 767
-60	-32	-10	-39	4	-20	-24	-52	cell = 768 to 775
-2	-7	-9	-24	-26	-32	-19	-11	cell = 776 to 783
-16	-31	-19	-20	-41	-54	-29	-74	cell = 784 to 791
-16	24	-17	-22	9	15	-16	-13	cell = 792 to 799
-42	33	-23	-53	2	-11	-7	-39	cell = 800 to 807
8	-2	-21	-12	4	-27	-4	-29	cell = 808 to 815
22	-27	-33	-10	-29	-18	-9	-27	cell = 816 to 823
20	14	-15	-2	-17	-35	-23	-33	cell = 824 to 831
24	4	-16	-64	-17	-71	-44	-19	cell = 832 to 839
-27	-35	6	5	-17	-20	-13	-45	cell = 840 to 847
18	11	-14	18	-14	-6	-14	-21	cell = 848 to 855
22	17	-11	7	-24	-38	27	-2	cell = 856 to 863
-53	-36	20	-1	-40	-50	23	-47	cell = 864 to 871
-18	-31	-26	-7	-45	-18	-4	-10	cell = 872 to 879
-33	-24	5	11	24	27	-15	-24	cell = 880 to 887
-17	-28	-10	-33	-5	-11	-49	-37	cell = 888 to 895
-38	-44	-10	-22	40	-10	-38	-14	cell = 896 to 903
-31	4	4	-49	-40	-7	-7	-50	cell = 904 to 911
-6	2	5	-7	-10	-3	-3	-21	cell = 912 to 919
-18	-5	-14	17	-5	-30	7	-45	cell = 920 to 927
-50	-22	-32	-9	-37	-6	-5	-22	cell = 928 to 935
-16	-9	-46	-21	18	6	16	20	cell = 936 to 943
-11	-5	-21	16	2	-20	17	-62	cell = 944 to 951
-33	25	-38	-58	-34	-7	-6	-26	cell = 952 to 959
-47	-6	-19	0	-20	-23	-8	-56	cell = 960 to 967
-3	-8	-32	-33	-41	-45	-29	2	cell = 968 to 975
-38	-11	17	-9	-32	-42	-19	-22	cell = 976 to 983
-15	-20	-18	-62	-44	-47	-53	-47	cell = 984 to 991
-21	-33	-44	-12	-42	-20	-36	-39	cell = 992 to 999
-14	-16	-16	6	-37	-16	0	-27	cell = 1000 to 1007
-16	-27	13	-55	-52	-41	-11	0	cell = 1008 to 1015
-11	-54	-50	-13	-65	-2	-31	-17	cell = 1016 to 1023
